time_us,own_mac,data_sent,data_received,data_sniffed,rx_failures,tx_failures
1015139,48:27:E2:3B:31:04,0,46740,46740,15
2015746,48:27:E2:3B:31:04,0,107409,107409,32
3044099,48:27:E2:3B:31:04,0,167450,167450,51
4077408,48:27:E2:3B:31:04,0,223816,223816,71
5115433,48:27:E2:3B:31:04,0,275847,275906,91
6119588,48:27:E2:3B:31:04,0,333056,333115,109
7122078,48:27:E2:3B:31:04,0,339460,339519,144
8147333,48:27:E2:3B:31:04,0,354982,355469,174
time_us,own_mac,data_sent,data_received,data_sniffed,rx_failures,tx_failures
1002077,48:27:E2:3B:31:04,2605,6108,6229,0
2315516,48:27:E2:3B:31:04,6203,8309,9329,0
3998353,48:27:E2:3B:31:04,8853,13180,14457,0
5510554,48:27:E2:3B:31:04,10912,16732,18009,0
6681193,48:27:E2:3B:31:04,14862,22619,24446,0
7681300,48:27:E2:3B:31:04,19151,29050,30877,0
8683919,48:27:E2:3B:31:04,21535,32846,34673,0
9949034,48:27:E2:3B:31:04,23052,35269,37456,0
11816880,48:27:E2:3B:31:04,29093,41603,44104,0
13104605,48:27:E2:3B:31:04,31856,46509,49224,0
14467563,48:27:E2:3B:31:04,35782,52062,55003,0
15596407,48:27:E2:3B:31:04,39937,57938,61291,0
16696832,48:27:E2:3B:31:04,44895,63484,67071,0
17742510,48:27:E2:3B:31:04,46749,65340,68927,0
19042784,48:27:E2:3B:31:04,49328,69812,73726,0
20360256,48:27:E2:3B:31:04,52781,74890,78804,0
21760891,48:27:E2:3B:31:04,58119,81147,85181,0
23219425,48:27:E2:3B:31:04,61906,87005,91355,0
24248218,48:27:E2:3B:31:04,68312,94016,98880,0
25271643,48:27:E2:3B:31:04,72352,98265,103496,0
26576056,48:27:E2:3B:31:04,73009,100973,106204,0
27576216,48:27:E2:3B:31:04,77326,106942,112173,0
28768133,48:27:E2:3B:31:04,79484,109495,114853,0
30126389,48:27:E2:3B:31:04,81354,113090,118962,0
31472627,48:27:E2:3B:31:04,83243,116680,122786,0
32521657,48:27:E2:3B:31:04,87207,120820,127046,0
33824091,48:27:E2:3B:31:04,89030,124351,130717,0
35285909,48:27:E2:3B:31:04,92840,130205,137183,0
36371494,48:27:E2:3B:31:04,97163,136102,143204,0
37374477,48:27:E2:3B:31:04,99660,141371,149071,0
38386710,48:27:E2:3B:31:04,102794,143660,151502,0
39527329,48:27:E2:3B:31:04,104692,145858,154016,0
40853055,48:27:E2:3B:31:04,106529,149461,157855,0
42326368,48:27:E2:3B:31:04,110439,155189,163703,0
43823749,48:27:E2:3B:31:04,114470,161289,170283,0
45035525,48:27:E2:3B:31:04,118355,166748,176406,0
