time_us,node_id,target_id,traffic_generator,data_sent,packets_sent,reports_sent,natives_sent,coded_sent,data_received,packets_received,reports_received,natives_received,decoded_received,coded_received,cache_hits,cache_misses
1007182,B,C,None,2901,7,2,0,5,4304,12,5,7,0,0,0,0
2306709,B,A,None,4437,10,4,0,6,5912,16,7,9,0,0,0,0
3996632,B,A,None,6136,17,7,0,10,10509,25,11,14,0,0,0,0
5486684,B,A,None,7651,20,9,0,11,11931,28,12,16,0,0,0,0
6938595,B,A,None,10453,27,12,0,15,16253,38,15,23,0,0,0,0
8553253,B,A,None,13573,34,14,0,20,20829,49,19,30,0,0,0,0
9945810,B,C,None,16482,38,16,0,22,26846,55,21,34,0,0,0,0
11792993,B,A,None,21167,43,17,0,26,30016,65,26,39,0,0,0,0
13102823,B,A,None,22964,50,19,0,31,34782,74,28,46,0,0,0,0
14597732,B,A,None,25954,54,21,0,33,39167,80,31,49,0,0,0,0
16158036,B,A,None,28988,60,24,0,36,43310,88,35,53,0,0,0,0
17484630,B,C,None,32936,64,25,0,39,47400,97,39,58,0,0,0,0
19038022,B,A,None,35912,73,27,0,46,51559,108,42,66,0,0,0,0
20336453,B,A,None,38519,77,29,0,48,54228,114,45,69,0,0,0,0
21758736,B,C,None,42583,82,30,0,52,60019,124,48,76,0,0,0,0
23218079,B,C,None,45510,85,31,0,54,64476,130,51,79,0,0,0,0
24224003,B,A,None,50197,94,31,0,63,67863,146,57,89,0,0,0,0
25249128,B,A,None,53361,97,32,0,65,71058,152,60,92,0,0,0,0
26552194,B,A,None,53537,102,35,0,67,72825,158,62,96,0,0,0,0
27628342,B,A,None,56696,109,38,0,71,77081,168,67,101,0,0,0,0
28763342,B,C,None,58153,113,40,0,73,79988,174,69,105,0,0,0,0
30122039,B,C,None,59511,116,42,0,74,82714,178,71,107,0,0,0,0
31448716,B,C,None,60888,119,44,0,75,84247,182,73,109,0,0,0,0
32518996,B,C,None,64010,122,45,0,77,88483,187,75,112,0,0,0,0
33819230,B,C,None,65312,125,47,0,78,91221,191,77,114,0,0,0,0
35283823,B,C,None,68167,130,49,0,81,95657,199,81,118,0,0,0,0
36740986,B,A,None,71260,137,52,0,85,99907,209,86,123,0,0,0,0
38013723,B,A,None,74136,141,54,0,87,102700,215,89,126,0,0,0,0
39522334,B,A,None,76890,146,56,0,90,106829,223,93,130,0,0,0,0
40851320,B,A,None,78215,149,58,0,91,109720,227,94,133,0,0,0,0
42302490,B,A,None,81125,154,60,0,94,112649,235,98,137,0,0,0,0
43799876,B,A,None,84018,160,63,0,97,117080,244,102,142,0,0,0,0
45028315,B,A,None,86950,164,65,0,99,122219,251,105,146,0,0,0,0
