time_us,node_id,target_id,traffic_generator,data_sent,packets_sent,reports_sent,natives_sent,coded_sent,data_received,packets_received,reports_received,natives_received,decoded_received,coded_received,cache_hits,cache_misses
1031499,A,C,Random(1000),41,3,2,1,0,132,2,0,0,2,0,0,0
2150341,A,B,Random(1000),2881,6,2,4,0,4437,9,3,0,6,0,0,0
3155756,A,B,Random(1000),4543,11,3,8,0,4644,14,5,0,9,0,0,0
4599593,A,C,Random(1000),6058,13,4,9,0,6136,17,7,0,10,0,0,0
6091341,A,C,Random(1000),6117,14,4,10,0,6136,19,9,0,10,0,0,0
7544185,A,C,Random(1000),7571,19,6,13,0,8938,26,12,0,14,0,0,0
9157843,A,C,Random(1000),9187,24,9,15,0,12058,33,14,0,19,0,0,0
10588557,A,B,Random(1000),10708,26,10,16,0,16521,38,16,0,22,0,0,0
12397811,A,C,Random(1000),12421,32,12,20,0,19652,42,17,0,25,0,0,0
13705959,A,C,Random(1000),15630,38,12,26,0,21449,49,19,0,30,0,0,0
15201031,A,C,Random(1000),18572,41,13,28,0,24439,53,21,0,32,0,0,0
16761746,A,C,Random(1000),21286,45,14,31,0,27473,59,24,0,35,0,0,0
18124019,A,B,Random(1000),22612,48,16,32,0,32754,64,25,0,39,0,0,0
19641213,A,C,Random(1000),25174,53,19,34,0,34397,72,27,0,45,0,0,0
20941550,A,C,Random(1000),25259,56,21,35,0,37004,76,29,0,47,0,0,0
22401993,A,B,Random(1000),26800,60,22,38,0,42526,82,30,0,52,0,0,0
23860566,A,B,Random(1000),28269,63,24,39,0,45489,85,31,0,54,0,0,0
25542403,A,C,Random(1000),29851,72,28,44,0,48682,94,32,0,62,0,0,0
26596202,A,B,Random(1000),31381,76,31,45,0,52022,101,35,0,66,0,0,0
27621132,A,B,Random(1000),32728,79,32,47,0,55048,104,36,0,68,0,0,0
28752614,A,C,Random(1000),34277,84,34,50,0,56522,109,38,0,71,0,0,0
30075078,A,C,Random(1000),35654,86,35,51,0,57996,114,41,0,73,0,0,0
31454812,A,C,Random(1000),37144,88,36,52,0,59373,117,43,0,74,0,0,0
32946703,A,C,Random(1000),38776,90,37,53,0,60863,120,45,0,75,0,0,0
34459354,A,B,Random(1000),38776,92,39,53,0,65166,125,47,0,78,0,0,0
35927585,A,B,Random(1000),40170,96,42,54,0,68127,130,49,0,81,0,0,0
37345053,A,C,Random(1000),42839,102,46,56,0,69745,136,52,0,84,0,0,0
38618721,A,C,Random(1000),42902,105,48,57,0,72621,140,54,0,86,0,0,0
40126391,A,C,Random(1000),45649,109,49,60,0,75375,145,56,0,89,0,0,0
41454819,A,C,Random(1000),47125,111,50,61,0,76700,148,58,0,90,0,0,0
42907904,A,C,Random(1000),47201,115,53,62,0,79610,153,60,0,93,0,0,0
44403924,A,C,Random(1000),48693,119,55,64,0,82503,159,63,0,96,0,0,0
