time_us,node_id,target_id,traffic_generator,data_sent,packets_sent,reports_sent,natives_sent,coded_sent,data_received,packets_received,reports_received,natives_received,decoded_received,coded_received,cache_hits,cache_misses
1175158,C,B,Random(1000),1423,6,3,3,0,2901,8,3,0,5,0,0,0
2287967,C,B,Random(1000),2959,8,4,4,0,4437,11,5,0,6,0,0,0
3977266,C,B,Random(1000),4451,12,7,5,0,6136,18,8,0,10,0,0,0
5467643,C,B,Random(1000),5814,14,8,6,0,7651,21,10,0,11,0,0,0
6960427,C,A,Random(1000),10105,20,9,11,0,10453,27,12,0,15,0,0,0
8526481,C,A,Random(1000),13030,26,10,16,0,13573,34,14,0,20,0,0,0
9915157,C,A,Random(1000),16138,29,11,18,0,16482,38,16,0,22,0,0,0
11773986,C,B,Random(1000),17595,33,14,19,0,21167,44,18,0,26,0,0,0
13111217,C,B,Random(1000),19152,36,16,20,0,24459,51,19,0,32,0,0,0
14606086,C,B,Random(1000),20595,39,18,21,0,27425,55,21,0,34,0,0,0
16162729,C,B,Random(1000),22024,43,21,22,0,30299,61,24,0,37,0,0,0
17454109,C,A,Random(1000),24788,49,23,26,0,32936,64,25,0,39,0,0,0
19044692,C,B,Random(1000),26385,55,23,32,0,37232,74,27,0,47,0,0,0
20341922,C,B,Random(1000),28969,58,24,34,0,39816,78,29,0,49,0,0,0
21727985,C,A,Random(1000),33219,64,26,38,0,42583,82,30,0,52,0,0,0
23186918,C,A,Random(1000),36207,67,27,40,0,45510,85,31,0,54,0,0,0
24205834,C,B,Random(1000),38095,75,29,46,0,50197,95,32,0,63,0,0,0
25256514,C,B,Random(1000),39677,78,31,47,0,53361,98,33,0,65,0,0,0
26563676,C,B,Random(1000),41366,81,31,50,0,55050,103,35,0,68,0,0,0
27604556,C,B,Random(1000),44353,87,33,54,0,56696,109,38,0,71,0,0,0
28732785,C,A,Random(1000),45711,90,35,55,0,58153,113,40,0,73,0,0,0
30091091,C,A,Random(1000),47060,92,36,56,0,59511,116,42,0,74,0,0,0
31419705,C,A,Random(1000),47103,94,37,57,0,60888,119,44,0,75,0,0,0
32488116,C,A,Random(1000),49707,97,38,59,0,64010,122,45,0,77,0,0,0
33789017,C,A,Random(1000),52445,99,38,61,0,65312,125,47,0,78,0,0,0
35253175,C,A,Random(1000),55487,103,39,64,0,68167,130,49,0,81,0,0,0
36750614,C,B,Random(1000),57068,107,40,67,0,72698,138,52,0,86,0,0,0
38018899,C,B,Random(1000),59798,110,41,69,0,75428,142,54,0,88,0,0,0
39503782,C,B,Random(1000),61180,114,44,70,0,76890,147,57,0,90,0,0,0
40861265,C,B,Random(1000),62595,116,44,72,0,79691,150,58,0,92,0,0,0
42311760,C,B,Random(1000),65448,120,45,75,0,82544,155,60,0,95,0,0,0
43809755,C,B,Random(1000),68387,125,47,78,0,85484,161,63,0,98,0,0,0
45034641,C,B,Random(1000),71122,129,49,80,0,88219,165,65,0,100,0,0,0
