time_us,own_mac,data_sent,data_received,data_sniffed,rx_failures,tx_failures
1057546,48:27:E2:3B:33:44,307,2298,2298,3
2118554,48:27:E2:3B:33:44,3910,6787,7021,3
3149874,48:27:E2:3B:33:44,4759,11081,11315,3
4605218,48:27:E2:3B:33:44,6661,15412,15646,3
6117457,48:27:E2:3B:33:44,8392,19007,19241,3
7570335,48:27:E2:3B:33:44,10517,26901,27135,3
9168333,48:27:E2:3B:33:44,12698,35708,35942,3
10556488,48:27:E2:3B:33:44,14826,43338,43812,3
12423940,48:27:E2:3B:33:44,17343,53240,53714,3
13711652,48:27:E2:3B:33:44,20060,58196,58670,3
15206914,48:27:E2:3B:33:44,23831,64201,64675,3
16770532,48:27:E2:3B:33:44,27553,70522,70996,3
18097707,48:27:E2:3B:33:44,30705,78102,78576,3
19649980,48:27:E2:3B:33:44,32832,86275,86749,3
20967688,48:27:E2:3B:33:44,34527,93135,93609,3
22368962,48:27:E2:3B:33:44,36654,102651,103125,3
23827789,48:27:E2:3B:33:44,38659,110315,110789,3
24855546,48:27:E2:3B:33:44,41103,121340,121814,3
25880674,48:27:E2:3B:33:44,43255,127594,128318,3
27183600,48:27:E2:3B:33:44,43599,130530,131254,3
28264669,48:27:E2:3B:33:44,45452,139092,139816,3
29376696,48:27:E2:3B:33:44,47494,141676,142400,3
30734650,48:27:E2:3B:33:44,49273,145366,146090,3
32080735,48:27:E2:3B:33:44,51210,148908,149632,3
33130464,48:27:E2:3B:33:44,53289,154961,155685,3
34432576,48:27:E2:3B:33:44,53467,160161,160885,3
35894094,48:27:E2:3B:33:44,55441,167875,168783,3
36979680,48:27:E2:3B:33:44,57486,176086,177118,3
37979959,48:27:E2:3B:33:44,59181,181876,183266,3
39023638,48:27:E2:3B:33:44,61248,185634,187024,3
40135132,48:27:E2:3B:33:44,61626,189283,190989,3
41460713,48:27:E2:3B:33:44,63353,193000,194706,3
42934025,48:27:E2:3B:33:44,65329,200686,202392,3
43934801,48:27:E2:3B:33:44,67289,208729,210555,3
45061465,48:27:E2:3B:33:44,68947,214920,216746,3
