time_us,own_mac,data_sent,data_received,data_sniffed,rx_failures,tx_failures
1001138,48:27:E2:3B:30:58,55059,4197,4197,0
2003331,48:27:E2:3B:30:58,113520,8466,8466,0
3005727,48:27:E2:3B:30:58,171006,12147,12147,0
4009494,48:27:E2:3B:30:58,224118,16295,16295,0
5010209,48:27:E2:3B:30:58,274002,20161,20161,0
6010734,48:27:E2:3B:30:58,330092,23623,23623,0
time_us,own_mac,data_sent,data_received,data_sniffed,rx_failures,tx_failures
time_us,own_mac,data_sent,data_received,data_sniffed,rx_failures,tx_failures
1006164,48:27:E2:3B:30:58,2179,8156,8433,0
2289484,48:27:E2:3B:30:58,4162,10382,11130,0
3973062,48:27:E2:3B:30:58,6283,15794,16659,0
5484582,48:27:E2:3B:30:58,8048,19648,20513,0
6877831,48:27:E2:3B:30:58,11860,25677,26998,0
8534085,48:27:E2:3B:30:58,16137,32510,33951,0
9540541,48:27:E2:3B:30:58,19554,38542,40343,0
10540666,48:27:E2:3B:30:58,23459,46980,48781,0
11791472,48:27:E2:3B:30:58,23548,47240,49355,0
13079016,48:27:E2:3B:30:58,25653,52820,54935,0
14573785,48:27:E2:3B:30:58,27632,60641,62896,0
15901009,48:27:E2:3B:30:58,29686,68357,70969,0
17463318,48:27:E2:3B:30:58,32077,76999,79728,0
19017639,48:27:E2:3B:30:58,35788,83564,86293,0
20334890,48:27:E2:3B:30:58,39087,88800,91529,0
21734575,48:27:E2:3B:30:58,43113,96385,99354,0
23193217,48:27:E2:3B:30:58,46870,102273,105558,0
24222680,48:27:E2:3B:30:58,51305,111279,114798,0
25245587,48:27:E2:3B:30:58,53423,117474,121360,0
26550716,48:27:E2:3B:30:58,55646,118600,122606,0
27550793,48:27:E2:3B:30:58,59658,124878,128884,0
28741800,48:27:E2:3B:30:58,60125,129150,133583,0
30100109,48:27:E2:3B:30:58,61885,132859,137292,0
31446369,48:27:E2:3B:30:58,63478,136749,141416,0
32495495,48:27:E2:3B:30:58,65475,142884,147791,0
33797936,48:27:E2:3B:30:58,68772,144925,149832,0
35259659,48:27:E2:3B:30:58,72556,150805,155896,0
36346271,48:27:E2:3B:30:58,76304,157289,162504,0
37349649,48:27:E2:3B:30:58,79794,161549,167362,0
38361174,48:27:E2:3B:30:58,79972,166838,172793,0
39502024,48:27:E2:3B:30:58,81756,169154,175425,0
40827646,48:27:E2:3B:30:58,83576,172778,179049,0
42301187,48:27:E2:3B:30:58,87232,178768,185159,0
43798139,48:27:E2:3B:30:58,91108,185031,191902,0
45010545,48:27:E2:3B:30:58,94692,190795,197900,0
