time_us,own_mac,data_sent,data_received,data_sniffed,rx_failures,tx_failures
1064675,48:27:E2:3B:31:04,4163,9463,9463,0
2301990,48:27:E2:3B:31:04,7821,13357,13665,0
3553980,48:27:E2:3B:31:04,13539,20708,21230,0
4554046,48:27:E2:3B:31:04,17791,28187,29239,0
5764373,48:27:E2:3B:31:04,21502,32888,33940,0
6816524,48:27:E2:3B:31:04,25170,39587,40639,0
7892748,48:27:E2:3B:31:04,27767,44126,45178,0
8912278,48:27:E2:3B:31:04,33733,51889,53257,0
9985990,48:27:E2:3B:31:04,37316,55789,57585,0
11034382,48:27:E2:3B:31:04,41664,63445,65481,0
12040867,48:27:E2:3B:31:04,43747,67588,70118,0
13047635,48:27:E2:3B:31:04,49617,74033,76563,0
14077073,48:27:E2:3B:31:04,53935,79956,82720,0
15170513,48:27:E2:3B:31:04,56424,84490,87682,0
16451388,48:27:E2:3B:31:04,60812,92253,95771,0
17452293,48:27:E2:3B:31:04,64802,98242,102138,0
18514969,48:27:E2:3B:31:04,71009,104938,109150,0
19520459,48:27:E2:3B:31:04,73638,109555,113853,0
20657165,48:27:E2:3B:31:04,77429,116761,121803,0
21760708,48:27:E2:3B:31:04,79425,122191,127353,0
22797717,48:27:E2:3B:31:04,83074,127439,132865,0
23809973,48:27:E2:3B:31:04,87819,133704,139130,0
25186718,48:27:E2:3B:31:04,91423,139710,145253,0
26215824,48:27:E2:3B:31:04,97305,149233,156389,0
27345829,48:27:E2:3B:31:04,100692,153419,161013,0
28748753,48:27:E2:3B:31:04,108004,163076,170868,0
29873134,48:27:E2:3B:31:04,113668,170546,178478,0
30874125,48:27:E2:3B:31:04,117836,178155,186087,0
31875568,48:27:E2:3B:31:04,121401,181799,190159,0
32881428,48:27:E2:3B:31:04,125792,189746,198916,0
33945327,48:27:E2:3B:31:04,130072,196096,205266,0
34949415,48:27:E2:3B:31:04,132890,200376,210145,0
36095415,48:27:E2:3B:31:04,138144,207765,217878,0
37197215,48:27:E2:3B:31:04,142019,213505,223852,0
38322700,48:27:E2:3B:31:04,144294,219139,230350,0
39345562,48:27:E2:3B:31:04,150118,225494,237037,0
40363068,48:27:E2:3B:31:04,153965,230167,241951,0
41387735,48:27:E2:3B:31:04,157920,237337,249238,0
42414207,48:27:E2:3B:31:04,160321,241580,253871,0
43416713,48:27:E2:3B:31:04,166197,247926,260719,0
44425056,48:27:E2:3B:31:04,170551,254319,267370,0
45427801,48:27:E2:3B:31:04,173046,257896,270947,0
46537412,48:27:E2:3B:31:04,180589,266774,279973,0
47590982,48:27:E2:3B:31:04,184662,272453,285652,0
48592044,48:27:E2:3B:31:04,188870,278743,292490,0
49595358,48:27:E2:3B:31:04,192954,286025,299772,0
50714785,48:27:E2:3B:31:04,195007,290071,304396,0
