time_us,own_mac,data_sent,data_received,data_sniffed,rx_failures,tx_failures
1030913,48:27:E2:3B:30:58,3927,9818,9818,0
2232818,48:27:E2:3B:30:58,5884,15326,15634,0
3485576,48:27:E2:3B:30:58,9326,24989,25511,0
4485996,48:27:E2:3B:30:58,12867,33191,34029,0
5695059,48:27:E2:3B:30:58,15518,38968,39926,0
6747876,48:27:E2:3B:30:58,18686,46175,47311,0
7824616,48:27:E2:3B:30:58,21026,50979,52115,0
8843825,48:27:E2:3B:30:58,24925,60837,62289,0
9916682,48:27:E2:3B:30:58,26863,66406,68426,0
10965667,48:27:E2:3B:30:58,30586,74699,76839,0
11971597,48:27:E2:3B:30:58,32640,78879,81513,0
12978971,48:27:E2:3B:30:58,36503,87359,89993,0
14009195,48:27:E2:3B:30:58,38834,95297,98165,0
15101098,48:27:E2:3B:30:58,41257,99901,103197,0
16553038,48:27:E2:3B:30:58,45068,108550,112086,0
17578317,48:27:E2:3B:30:58,48642,117828,121484,0
18660922,48:27:E2:3B:30:58,50832,125806,129620,0
19662690,48:27:E2:3B:30:58,54727,131093,134907,0
20885457,48:27:E2:3B:30:58,56914,138015,142637,0
21911865,48:27:E2:3B:30:58,60081,145002,149864,0
22923703,48:27:E2:3B:30:58,62247,151114,156556,0
23931443,48:27:E2:3B:30:58,65968,159316,164758,0
25118325,48:27:E2:3B:30:58,67933,163600,169159,0
26147869,48:27:E2:3B:30:58,71781,175189,181816,0
27277279,48:27:E2:3B:30:58,73569,180705,187770,0
28680548,48:27:E2:3B:30:58,79319,191948,199211,0
29804616,48:27:E2:3B:30:58,83199,201226,208489,0
30805862,48:27:E2:3B:30:58,87099,209111,216494,0
31806171,48:27:E2:3B:30:58,89169,214563,222160,0
32813654,48:27:E2:3B:30:58,93121,222961,231368,0
33876941,48:27:E2:3B:30:58,95512,231224,239631,0
34877991,48:27:E2:3B:30:58,97671,235743,244267,0
36026936,48:27:E2:3B:30:58,101083,245434,253958,0
37128518,48:27:E2:3B:30:58,104666,251470,260228,0
38253787,48:27:E2:3B:30:58,106595,257462,266870,0
39254112,48:27:E2:3B:30:58,110409,265766,275817,0
40295295,48:27:E2:3B:30:58,112485,272323,282494,0
41319186,48:27:E2:3B:30:58,116180,279761,289932,0
42345598,48:27:E2:3B:30:58,118278,284315,294718,0
43351200,48:27:E2:3B:30:58,121348,293214,303846,0
44357465,48:27:E2:3B:30:58,124327,301299,312189,0
45360427,48:27:E2:3B:30:58,126117,305589,316719,0
46468535,48:27:E2:3B:30:58,130739,317428,328864,0
47521733,48:27:E2:3B:30:58,132682,325562,336998,0
48523215,48:27:E2:3B:30:58,136701,332045,343601,0
49527862,48:27:E2:3B:30:58,140276,339848,351684,0
50646646,48:27:E2:3B:30:58,142219,344008,356394,0
51661492,48:27:E2:3B:30:58,145769,351463,364521,0
