time_us,own_mac,data_sent,data_received,data_sniffed,rx_failures,tx_failures
1059836,48:27:E2:3B:33:44,2313,4120,4354,1
2128816,48:27:E2:3B:33:44,5673,8337,8571,1
3154468,48:27:E2:3B:33:44,9025,17941,18425,1
4155692,48:27:E2:3B:33:44,11046,23831,24315,1
5260288,48:27:E2:3B:33:44,14953,32511,32995,1
6284800,48:27:E2:3B:33:44,16826,37644,38128,1
7336351,48:27:E2:3B:33:44,20249,44592,45076,1
8412792,48:27:E2:3B:33:44,22368,49625,50109,1
9433576,48:27:E2:3B:33:44,26104,59654,60138,1
10506374,48:27:E2:3B:33:44,27998,65271,65755,1
11553926,48:27:E2:3B:33:44,31803,73482,73966,1
12561411,48:27:E2:3B:33:44,33820,77699,78183,1
13567571,48:27:E2:3B:33:44,36294,87588,88072,1
14598386,48:27:E2:3B:33:44,39786,94353,95071,1
15690921,48:27:E2:3B:33:44,41817,99357,100075,1
17142627,48:27:E2:3B:33:44,45926,107700,108418,1
18166770,48:27:E2:3B:33:44,48933,117541,118259,1
19250903,48:27:E2:3B:33:44,52579,124043,124761,1
20254499,48:27:E2:3B:33:44,55451,130662,131380,1
21475006,48:27:E2:3B:33:44,58164,136757,137475,1
22500100,48:27:E2:3B:33:44,61461,143610,144328,1
23513277,48:27:E2:3B:33:44,63627,149722,150440,1
24521489,48:27:E2:3B:33:44,67403,157865,158583,1
25710629,48:27:E2:3B:33:44,69421,162092,162927,1
26737105,48:27:E2:3B:33:44,74940,171982,172934,1
27865803,48:27:E2:3B:33:44,76985,176944,177896,1
29268966,48:27:E2:3B:33:44,80736,190214,191166,1
30393398,48:27:E2:3B:33:44,84202,199910,200862,1
31395835,48:27:E2:3B:33:44,87795,208106,209058,1
32402967,48:27:E2:3B:33:44,89687,213833,214785,1
33403127,48:27:E2:3B:33:44,93461,222316,223268,1
34465377,48:27:E2:3B:33:44,97304,229107,230059,1
35466131,48:27:E2:3B:33:44,99503,233729,234681,1
36615542,48:27:E2:3B:33:44,103210,242982,243934,1
37718773,48:27:E2:3B:33:44,105271,250564,251750,1
38844122,48:27:E2:3B:33:44,108888,254844,256030,1
39866669,48:27:E2:3B:33:44,111224,264735,265921,1
40883913,48:27:E2:3B:33:44,113830,270665,271851,1
41909463,48:27:E2:3B:33:44,117189,278443,279629,1
43050778,48:27:E2:3B:33:44,119436,283022,284208,1
44100705,48:27:E2:3B:33:44,123394,292935,294121,1
45316544,48:27:E2:3B:33:44,125728,299882,301068,1
46321513,48:27:E2:3B:33:44,129546,310450,311636,1
47342344,48:27:E2:3B:33:44,131652,316510,317696,1
48355413,48:27:E2:3B:33:44,135492,324790,326096,1
49387719,48:27:E2:3B:33:44,139444,334315,335621,1
50561649,48:27:E2:3B:33:44,141539,338581,340121,1
