time_us,node_id,target_id,traffic_generator,data_sent,packets_sent,reports_sent,natives_sent,coded_sent,data_received,packets_received,reports_received,natives_received,decoded_received,coded_received,cache_hits,cache_misses
1006706,C,B,Random(2000),2990,5,2,3,0,3118,6,3,0,3,0,0,0
2206709,C,A,Random(2000),4453,8,3,5,0,5868,9,4,0,5,0,0,0
3552213,C,A,Random(2000),8356,14,4,10,0,10077,17,7,0,10,0,0,0
4667874,C,A,Random(2000),9738,19,7,12,0,14251,23,10,0,13,0,0,0
5685794,C,A,Random(2000),12522,25,8,17,0,15790,30,13,0,17,0,0,0
6753531,C,B,Random(2000),13909,28,10,18,0,18536,36,17,0,19,0,0,0
7810425,C,A,Random(2000),15578,34,11,23,0,20165,42,19,0,23,0,0,0
8819619,C,B,Random(2000),18412,39,13,26,0,24670,49,23,0,26,0,0,0
9890549,C,A,Random(2000),19771,43,15,28,0,27358,53,25,0,28,0,0,0
10974676,C,B,Random(2000),22514,49,17,32,0,30430,62,29,0,33,0,0,0
12007848,C,B,Random(2000),25354,53,18,35,0,33270,68,32,0,36,0,0,0
13018988,C,A,Random(2000),26956,58,20,38,0,36258,74,34,0,40,0,0,0
14333972,C,A,Random(2000),28625,63,21,42,0,39345,79,36,0,43,0,0,0
15495718,C,B,Random(2000),31472,69,23,46,0,42550,91,40,0,51,0,0,0
16544879,C,A,Random(2000),34340,72,24,48,0,44018,93,41,0,52,0,0,0
17562839,C,B,Random(2000),35807,77,26,51,0,48556,103,42,0,61,0,0,0
18634798,C,A,Random(2000),37225,83,29,54,0,51286,111,45,0,66,0,0,0
19690684,C,B,Random(2000),40184,88,30,58,0,54431,118,47,0,71,0,0,0
20876493,C,A,Random(2000),42888,92,32,60,0,55838,122,50,0,72,0,0,0
21917260,C,B,Random(2000),44243,95,34,61,0,58490,128,54,0,74,0,0,0
22954951,C,A,Random(2000),47229,101,35,66,0,61351,134,57,0,77,0,0,0
24151799,C,B,Random(2000),48607,104,37,67,0,64345,142,61,0,81,0,0,0
25184541,C,A,Random(2000),51582,108,38,70,0,65863,144,62,0,82,0,0,0
26619781,C,A,Random(2000),54414,112,40,72,0,70311,150,65,0,85,0,0,0
27638402,C,B,Random(2000),57315,118,41,77,0,77051,158,66,0,92,0,0,0
28712339,C,B,Random(2000),58819,120,42,78,0,79999,162,68,0,94,0,0,0
29810754,C,A,Random(2000),63287,126,44,82,0,82916,165,69,0,96,0,0,0
31007836,C,B,Random(2000),64853,129,46,83,0,87355,172,73,0,99,0,0,0
32029734,C,B,Random(2000),67810,133,46,87,0,88847,177,75,0,102,0,0,0
33156999,C,A,Random(2000),69403,138,50,88,0,92079,184,77,0,107,0,0,0
34277432,C,B,Random(2000),72437,143,52,91,0,96425,191,81,0,110,0,0,0
35333011,C,B,Random(2000),73807,148,54,94,0,99501,197,83,0,114,0,0,0
36515146,C,B,Random(2000),76505,151,55,96,0,102292,202,86,0,116,0,0,0
37552297,C,A,Random(2000),79202,156,58,98,0,103738,207,89,0,118,0,0,0
38686242,C,B,Random(2000),80729,160,59,101,0,108071,214,92,0,122,0,0,0
39691511,C,A,Random(2000),83490,168,64,104,0,110926,220,94,0,126,0,0,0
41031930,C,B,Random(2000),84869,171,66,105,0,113931,226,98,0,128,0,0,0
42064116,C,B,Random(2000),87898,176,69,107,0,117031,232,101,0,131,0,0,0
43227940,C,A,Random(2000),89280,181,71,110,0,118668,237,104,0,133,0,0,0
44232390,C,A,Random(2000),92116,189,73,116,0,124350,248,106,0,142,0,0,0
45317191,C,A,Random(2000),93416,192,74,118,0,125786,251,108,0,143,0,0,0
46325026,C,B,Random(2000),96742,200,74,126,0,131893,261,109,0,152,0,0,0
47345873,C,B,Random(2000),98106,204,76,128,0,134928,266,112,0,154,0,0,0
48516875,C,A,Random(2000),102405,210,79,131,0,138015,272,114,0,158,0,0,0
49973419,C,B,Random(2000),103949,213,81,132,0,140985,279,119,0,160,0,0,0
50986995,C,B,Random(2000),106809,217,83,134,0,143863,284,122,0,162,0,0,0
