time_us,node_id,target_id,traffic_generator,data_sent,packets_sent,reports_sent,natives_sent,coded_sent,data_received,packets_received,reports_received,natives_received,decoded_received,coded_received,cache_hits,cache_misses
1040502,B,C,None,3118,5,2,0,3,7123,11,5,6,0,0,0,0
2278252,B,C,None,5868,9,4,0,5,10012,16,7,9,0,0,0,0
3625197,B,C,None,10077,17,7,0,10,16843,26,10,16,0,0,0,0
4715117,B,A,None,14251,23,10,0,13,21106,36,15,21,0,0,0,0
5758641,B,C,None,15790,30,13,0,17,25264,46,19,27,0,0,0,0
6792331,B,A,None,18536,35,16,0,19,29270,53,23,30,0,0,0,0
7882216,B,C,None,20165,42,19,0,23,32270,62,26,36,0,0,0,0
8886220,B,A,None,24670,49,23,0,26,38188,72,30,42,0,0,0,0
9962169,B,C,None,27358,53,25,0,28,40950,79,34,45,0,0,0,0
11010179,B,A,None,30430,61,28,0,33,46552,90,39,51,0,0,0,0
12039307,B,C,None,31705,67,32,0,35,50830,98,42,56,0,0,0,0
13046096,B,A,None,36197,73,34,0,39,55495,108,45,63,0,0,0,0
14051025,B,A,None,39345,79,36,0,43,58481,116,49,67,0,0,0,0
15168161,B,C,None,40968,85,38,0,47,62873,125,52,73,0,0,0,0
16617740,B,C,None,44018,93,41,0,52,68734,136,55,81,0,0,0,0
17621628,B,A,None,48467,102,42,0,60,72048,151,59,92,0,0,0,0
18705045,B,C,None,51286,111,45,0,66,76132,163,64,99,0,0,0,0
19723386,B,A,None,53014,117,47,0,70,81929,173,68,105,0,0,0,0
20949365,B,C,None,55838,122,50,0,72,85992,180,72,108,0,0,0,0
21954193,B,A,None,58490,127,53,0,74,89840,187,76,111,0,0,0,0
22967808,B,C,None,61259,133,57,0,76,92878,196,79,117,0,0,0,0
23975355,B,C,None,64345,140,59,0,81,98578,205,82,123,0,0,0,0
25198440,B,C,None,65863,144,62,0,82,101640,211,85,126,0,0,0,0
26637076,B,A,None,70311,150,65,0,85,108766,222,90,132,0,0,0,0
27674722,B,C,None,75742,157,66,0,91,115707,232,92,140,0,0,0,0
28744445,B,A,None,78495,161,68,0,93,119993,238,95,143,0,0,0,0
29848974,B,A,None,82916,165,69,0,96,124372,248,100,148,0,0,0,0
30869039,B,A,None,87355,171,72,0,99,130252,255,103,152,0,0,0,0
31886011,B,C,None,88792,175,74,0,101,133209,262,106,156,0,0,0,0
32921959,B,A,None,91905,181,77,0,104,137708,271,111,160,0,0,0,0
33951052,B,A,None,94976,189,80,0,109,141994,283,117,166,0,0,0,0
34952947,B,A,None,98039,194,82,0,112,145187,291,119,172,0,0,0,0
36071220,B,A,None,100911,199,84,0,115,150601,299,123,176,0,0,0,0
37173016,B,C,None,103738,205,87,0,118,154770,308,127,181,0,0,0,0
38298928,B,C,None,105269,210,91,0,119,159066,314,129,185,0,0,0,0
39321418,B,C,None,109553,218,94,0,124,163427,327,135,192,0,0,0,0
40361442,B,A,None,112455,222,95,0,127,168000,336,139,197,0,0,0,0
41363564,B,C,None,115398,227,98,0,129,172169,343,143,200,0,0,0,0
42505026,B,A,None,117031,232,101,0,131,175355,350,146,204,0,0,0,0
43555002,B,A,None,121510,240,104,0,136,181071,361,150,211,0,0,0,0
44787749,B,C,None,124350,249,107,0,142,185478,373,153,220,0,0,0,0
45849514,B,A,None,128958,259,109,0,150,190119,387,157,230,0,0,0,0
47086870,B,C,None,131893,263,111,0,152,193367,393,159,234,0,0,0,0
48137870,B,C,None,136633,270,113,0,157,200775,405,164,241,0,0,0,0
49302829,B,C,None,139441,275,116,0,159,205128,412,168,244,0,0,0,0
50309116,B,A,None,142481,281,120,0,161,209376,419,172,247,0,0,0,0
