time_us,node_id,target_id,traffic_generator,data_sent,packets_sent,reports_sent,natives_sent,coded_sent,data_received,packets_received,reports_received,natives_received,decoded_received,coded_received,cache_hits,cache_misses
1051116,A,C,Random(2000),2809,4,2,2,0,1550,3,1,0,2,0,0,0
2126992,A,C,Random(2000),5559,7,3,4,0,3118,6,3,0,3,0,0,0
3130166,A,B,Random(2000),6917,10,5,5,0,7322,14,6,0,8,0,0,0
4153085,A,B,Random(2000),8487,12,6,6,0,10077,18,8,0,10,0,0,0
5234156,A,C,Random(2000),11368,18,9,9,0,14251,23,10,0,13,0,0,0
6286903,A,B,Random(2000),12742,21,11,10,0,15790,31,14,0,17,0,0,0
7310235,A,C,Random(2000),15361,25,13,12,0,18536,35,16,0,19,0,0,0
8405914,A,C,Random(2000),18089,29,15,14,0,20165,42,19,0,23,0,0,0
9409277,A,B,Random(2000),19776,33,17,16,0,24670,49,23,0,26,0,0,0
10489709,A,B,Random(2000),21179,36,19,17,0,27358,54,26,0,28,0,0,0
11527835,A,C,Random(2000),24038,41,22,19,0,30430,61,28,0,33,0,0,0
12597166,A,B,Random(2000),25476,45,24,21,0,33270,68,32,0,36,0,0,0
13779340,A,B,Random(2000),28539,51,26,25,0,36258,75,35,0,40,0,0,0
14932032,A,B,Random(2000),29914,54,28,26,0,39345,80,37,0,43,0,0,0
16085123,A,B,Random(2000),33025,62,30,32,0,42550,91,40,0,51,0,0,0
17172526,A,B,Random(2000),34394,64,31,33,0,45418,94,41,0,53,0,0,0
18181618,A,B,Random(2000),36285,75,33,42,0,48620,104,42,0,62,0,0,0
19269777,A,B,Random(2000),38907,80,35,45,0,51358,112,45,0,67,0,0,0
20280674,A,B,Random(2000),41745,85,38,47,0,54431,118,47,0,71,0,0,0
21477293,A,B,Random(2000),43104,88,40,48,0,55838,123,51,0,72,0,0,0
22506200,A,B,Random(2000),45597,92,42,50,0,58490,128,54,0,74,0,0,0
23556404,A,B,Random(2000),47139,96,44,52,0,61422,135,57,0,78,0,0,0
24741544,A,B,Random(2000),49971,102,46,56,0,64345,142,61,0,81,0,0,0
25755183,A,B,Random(2000),51453,104,47,57,0,67345,145,62,0,83,0,0,0
27155063,A,C,Random(2000),55734,111,50,61,0,70311,150,65,0,85,0,0,0
28228145,A,B,Random(2000),58392,114,51,63,0,75669,157,66,0,91,0,0,0
29260439,A,C,Random(2000),61174,118,53,65,0,77113,160,68,0,92,0,0,0
30367330,A,C,Random(2000),62610,123,56,67,0,81534,164,69,0,95,0,0,0
31395583,A,B,Random(2000),65399,127,58,69,0,85973,170,72,0,98,0,0,0
32415717,A,B,Random(2000),66800,130,60,70,0,87465,175,74,0,101,0,0,0
33439896,A,C,Random(2000),69706,136,63,73,0,90523,180,77,0,103,0,0,0
34474783,A,B,Random(2000),72407,142,65,77,0,93594,188,80,0,108,0,0,0
35505786,A,B,Random(2000),74068,146,66,80,0,96719,194,82,0,112,0,0,0
36589423,A,C,Random(2000),76878,150,68,82,0,99529,198,84,0,114,0,0,0
37725239,A,B,Random(2000),78357,154,69,85,0,102356,205,88,0,117,0,0,0
38854919,A,B,Random(2000),81214,157,70,87,0,105213,210,91,0,119,0,0,0
40006165,A,C,Random(2000),82827,164,73,91,0,108171,217,94,0,123,0,0,0
41025105,A,B,Random(2000),85911,168,74,94,0,112549,223,96,0,127,0,0,0
42253406,A,C,Random(2000),87305,172,76,96,0,114016,227,99,0,128,0,0,0
43293278,A,C,Random(2000),90409,177,78,99,0,117286,234,102,0,132,0,0,0
44325348,A,B,Random(2000),91914,179,79,100,0,120128,241,106,0,135,0,0,0
45345005,A,B,Random(2000),93521,184,80,104,0,124404,249,107,0,142,0,0,0
46373404,A,B,Random(2000),96381,189,83,106,0,127576,258,109,0,149,0,0,0
47661614,A,C,Random(2000),99479,193,84,109,0,130511,262,111,0,151,0,0,0
48693698,A,B,Random(2000),102483,199,86,113,0,136633,270,113,0,157,0,0,0
49850986,A,C,Random(2000),105270,203,88,115,0,138059,274,116,0,158,0,0,0
