time_us,node_id,target_id,traffic_generator,data_sent,packets_sent,reports_sent,natives_sent,coded_sent,data_received,packets_received,reports_received,natives_received,decoded_received,coded_received,cache_hits,cache_misses
1039515,B,A,None,3047,7,2,0,5,4522,9,2,7,0,0,0,0
2081865,B,C,None,4579,11,3,0,8,6138,14,4,10,0,0,0,0
3556210,B,C,None,6138,15,5,0,10,8956,19,7,12,0,0,0,0
4940751,B,C,None,9232,23,7,0,16,12125,29,11,18,0,0,0,0
6451995,B,C,None,13504,28,9,0,19,16322,35,14,21,0,0,0,0
7790065,B,C,None,17780,33,11,0,22,19294,41,17,24,0,0,0,0
9087407,B,C,None,20599,40,13,0,27,23386,49,20,29,0,0,0,0
10088085,B,C,None,23386,43,14,0,29,26269,52,21,31,0,0,0,0
11396461,B,A,None,26269,47,16,0,31,27868,57,24,33,0,0,0,0
12400895,B,A,None,30873,56,18,0,38,32299,67,28,39,0,0,0,0
13593176,B,C,None,32480,60,19,0,41,33991,73,30,43,0,0,0,0
14640968,B,A,None,35492,65,20,0,45,36775,79,33,46,0,0,0,0
15644389,B,A,None,37222,75,22,0,53,37324,91,37,54,0,0,0,0
16942417,B,C,None,38823,84,23,0,61,41525,102,39,63,0,0,0,0
18263328,B,C,None,42964,90,25,0,65,44450,110,43,67,0,0,0,0
19501113,B,C,None,47123,97,27,0,70,49853,120,48,72,0,0,0,0
20559918,B,A,None,49952,103,29,0,74,51299,126,51,75,0,0,0,0
21698317,B,A,None,51299,105,30,0,75,53804,129,52,77,0,0,0,0
22768070,B,A,None,55256,114,33,0,81,56546,139,57,82,0,0,0,0
23850922,B,C,None,58072,119,34,0,85,59521,146,60,86,0,0,0,0
24853233,B,C,None,60864,122,35,0,87,62313,150,62,88,0,0,0,0
25898828,B,C,None,63767,128,37,0,91,65154,157,65,92,0,0,0,0
26937212,B,A,None,65325,134,39,0,95,66765,164,68,96,0,0,0,0
28164831,B,C,None,66985,141,41,0,100,69448,173,71,102,0,0,0,0
29524932,B,A,None,69448,145,43,0,102,72396,177,73,104,0,0,0,0
30941775,B,C,None,73934,152,45,0,107,75456,185,76,109,0,0,0,0
32484780,B,C,None,78460,158,47,0,111,79765,193,80,113,0,0,0,0
33804799,B,C,None,82232,164,48,0,116,83721,200,82,118,0,0,0,0
35268248,B,A,None,86613,170,50,0,120,89375,207,85,122,0,0,0,0
36651491,B,A,None,90960,175,52,0,123,93842,213,88,125,0,0,0,0
38162976,B,A,None,95273,181,54,0,127,98037,220,91,129,0,0,0,0
39613074,B,A,None,99439,186,55,0,131,102105,227,94,133,0,0,0,0
40904603,B,C,None,103363,191,57,0,134,106217,232,96,136,0,0,0,0
41914517,B,A,None,107770,200,60,0,140,109087,242,101,141,0,0,0,0
43019151,B,A,None,110459,205,61,0,144,111660,250,105,145,0,0,0,0
44024019,B,A,None,112973,208,62,0,146,113056,252,105,147,0,0,0,0
45128880,B,C,None,113205,212,63,0,149,116035,259,108,151,0,0,0,0
46197241,B,A,None,117764,220,65,0,155,119224,268,112,156,0,0,0,0
47426263,B,A,None,119224,223,67,0,156,120683,272,114,158,0,0,0,0
48923499,B,C,None,123746,232,69,0,163,126342,282,117,165,0,0,0,0
50222679,B,C,None,127760,236,70,0,166,130698,289,121,168,0,0,0,0
51691977,B,C,None,131935,241,72,0,169,134947,297,126,171,0,0,0,0
