time_us,node_id,target_id,traffic_generator,data_sent,packets_sent,reports_sent,natives_sent,coded_sent,data_received,packets_received,reports_received,natives_received,decoded_received,coded_received,cache_hits,cache_misses
1542792,C,A,Random(1000),1569,5,3,2,0,3420,16,5,0,11,0,0,0
3180511,C,A,Random(1000),4509,9,4,5,0,8009,26,9,0,17,0,0,0
4564849,C,A,Random(1000),6023,14,8,6,0,12721,41,14,0,27,0,0,0
6076217,C,A,Random(1000),7383,17,10,7,0,16993,49,19,0,30,0,0,0
7415835,C,A,Random(1000),7460,20,12,8,0,21269,57,24,0,33,0,0,0
8452109,C,B,Random(1000),8659,23,14,9,0,25317,68,28,0,40,0,0,0
9600232,C,B,Random(1000),10062,25,15,10,0,28104,72,30,0,42,0,0,0
11059843,C,B,Random(1000),13024,28,16,12,0,32546,80,35,0,45,0,0,0
12077885,C,B,Random(1000),16142,34,17,17,0,37283,95,40,0,55,0,0,0
13219236,C,A,Random(1000),16238,37,19,18,0,40389,102,42,0,60,0,0,0
14272485,C,B,Random(1000),17686,39,20,19,0,44849,110,45,0,65,0,0,0
15317995,C,A,Random(1000),18295,49,21,28,0,46941,127,48,0,79,0,0,0
16566693,C,A,Random(1000),20804,53,23,30,0,48836,141,50,0,91,0,0,0
17889232,C,A,Random(1000),20839,57,26,31,0,53057,150,54,0,96,0,0,0
19125662,C,A,Random(1000),23420,62,29,33,0,58708,162,59,0,103,0,0,0
20190591,C,B,Random(1000),23420,65,32,33,0,61636,172,63,0,109,0,0,0
21356768,C,B,Random(1000),24677,67,33,34,0,64240,177,66,0,111,0,0,0
22398612,C,B,Random(1000),27419,73,34,39,0,67135,191,72,0,119,0,0,0
23477480,C,A,Random(1000),28868,77,37,40,0,71308,199,74,0,125,0,0,0
24479345,C,A,Random(1000),30317,79,38,41,0,74100,204,77,0,127,0,0,0
25519923,C,B,Random(1000),31771,82,38,44,0,78528,216,82,0,134,0,0,0
26567743,C,B,Random(1000),33382,87,39,48,0,80257,227,86,0,141,0,0,0
27789195,C,A,Random(1000),34756,91,42,49,0,83559,240,90,0,150,0,0,0
29171825,C,A,Random(1000),36180,93,43,50,0,86022,247,95,0,152,0,0,0
30567620,C,A,Random(1000),36210,97,46,51,0,90622,258,99,0,159,0,0,0
32110988,C,A,Random(1000),37812,101,48,53,0,96660,268,104,0,164,0,0,0
33430756,C,A,Random(1000),39105,105,50,55,0,101684,277,106,0,171,0,0,0
34928643,C,B,Random(1000),40573,107,51,56,0,107446,287,111,0,176,0,0,0
36314101,C,B,Random(1000),42158,110,53,57,0,111853,295,116,0,179,0,0,0
37823463,C,B,Random(1000),43517,114,56,58,0,116179,304,120,0,184,0,0,0
39277153,C,A,Random(1000),46111,119,59,60,0,119029,311,123,0,188,0,0,0
40528945,C,A,Random(1000),47650,121,60,61,0,122953,318,127,0,191,0,0,0
41543973,C,B,Random(1000),47650,125,64,61,0,127598,332,132,0,200,0,0,0
42676136,C,B,Random(1000),49022,129,65,64,0,131615,341,135,0,206,0,0,0
43698458,C,B,Random(1000),50335,131,66,65,0,135442,346,137,0,209,0,0,0
44753463,C,A,Random(1000),51641,134,68,66,0,135823,353,139,0,214,0,0,0
45827774,C,B,Random(1000),51641,137,71,66,0,140587,366,143,0,223,0,0,0
47069299,C,A,Random(1000),54453,141,73,68,0,142047,371,147,0,224,0,0,0
48547651,C,A,Random(1000),57127,146,74,72,0,146701,385,151,0,234,0,0,0
49847009,C,A,Random(1000),60065,150,76,74,0,153431,393,154,0,239,0,0,0
51316636,C,A,Random(1000),63077,154,78,76,0,160544,402,158,0,244,0,0,0
