time_us,node_id,target_id,traffic_generator,data_sent,packets_sent,reports_sent,natives_sent,coded_sent,data_received,packets_received,reports_received,natives_received,decoded_received,coded_received,cache_hits,cache_misses
1032560,A,C,Random(1000),43,1,0,1,0,93,2,0,0,2,0,0,0
2559365,A,B,Random(1000),3010,6,0,6,0,4927,19,5,0,14,0,0,0
4202069,A,B,Random(1000),4447,10,3,7,0,9539,29,9,0,20,0,0,0
5584420,A,B,Random(1000),6102,15,3,12,0,14193,44,14,0,30,0,0,0
7098201,A,B,Random(1000),8939,18,4,14,0,18544,52,19,0,33,0,0,0
8439714,A,B,Random(1000),11834,21,5,16,0,22799,60,24,0,36,0,0,0
9730961,A,B,Random(1000),13324,25,6,19,0,26794,71,28,0,43,0,0,0
10734251,A,B,Random(1000),14804,26,6,20,0,29677,76,31,0,45,0,0,0
12006836,A,C,Random(1000),14844,29,8,21,0,31080,81,35,0,46,0,0,0
13015807,A,B,Random(1000),16157,33,11,22,0,37376,96,39,0,57,0,0,0
14240316,A,B,Random(1000),17753,36,11,25,0,41897,105,42,0,63,0,0,0
15250937,A,C,Random(1000),19089,40,13,27,0,44942,111,44,0,67,0,0,0
16254384,A,C,Random(1000),19089,43,16,27,0,46955,128,48,0,80,0,0,0
17600032,A,C,Random(1000),22080,50,16,34,0,48929,143,50,0,93,0,0,0
18909957,A,B,Random(1000),23611,53,17,36,0,54601,153,54,0,99,0,0,0
20144632,A,B,Random(1000),26433,58,19,39,0,60131,165,59,0,106,0,0,0
21174968,A,B,Random(1000),27879,61,19,42,0,61729,174,63,0,111,0,0,0
22307212,A,C,Random(1000),29127,62,19,43,0,63076,178,66,0,112,0,0,0
23382597,A,B,Random(1000),29127,66,23,43,0,67228,193,72,0,121,0,0,0
24494975,A,B,Random(1000),30653,69,23,46,0,71401,202,75,0,127,0,0,0
25496214,A,B,Random(1000),31996,71,24,47,0,74193,207,78,0,129,0,0,0
26504231,A,B,Random(1000),33383,74,26,48,0,78621,218,82,0,136,0,0,0
27552240,A,B,Random(1000),33383,77,29,48,0,80350,229,86,0,143,0,0,0
28804125,A,B,Random(1000),34692,82,29,53,0,84741,243,90,0,153,0,0,0
30132499,A,C,Random(1000),37640,85,30,55,0,86115,249,95,0,154,0,0,0
31589378,A,B,Random(1000),39246,88,30,58,0,92207,261,99,0,162,0,0,0
33127494,A,B,Random(1000),41953,92,32,60,0,97968,271,104,0,167,0,0,0
34465903,A,C,Random(1000),46040,96,32,64,0,101777,279,106,0,173,0,0,0
35876699,A,C,Random(1000),48802,100,34,66,0,106158,288,111,0,177,0,0,0
37260486,A,C,Random(1000),51684,103,35,68,0,110505,296,116,0,180,0,0,0
38772100,A,C,Random(1000),54520,106,35,71,0,114890,305,120,0,185,0,0,0
40221975,A,C,Random(1000),57252,109,35,74,0,119122,313,123,0,190,0,0,0
41560692,A,C,Random(1000),59882,112,36,76,0,123046,320,127,0,193,0,0,0
43061767,A,B,Random(1000),61437,117,37,80,0,129008,335,132,0,203,0,0,0
44456923,A,B,Random(1000),62638,121,40,81,0,132909,345,136,0,209,0,0,0
45776910,A,B,Random(1000),64394,125,40,85,0,137440,356,139,0,217,0,0,0
46812830,A,B,Random(1000),67583,131,41,90,0,140680,368,143,0,225,0,0,0
48037137,A,C,Random(1000),67636,132,41,91,0,142140,373,147,0,226,0,0,0
49567874,A,B,Random(1000),69215,136,43,93,0,148092,388,151,0,237,0,0,0
50870429,A,B,Random(1000),70633,139,45,94,0,154993,396,154,0,242,0,0,0
52327753,A,C,Random(1000),71905,144,48,96,0,160637,404,158,0,246,0,0,0
