time_us,own_mac,data_sent,data_received,data_sniffed,rx_failures,tx_failures
1027114,48:27:E2:3B:31:04,4229,5484,5484,0
2085582,48:27:E2:3B:31:04,6424,8614,8614,0
3560774,48:27:E2:3B:31:04,8657,14875,14995,0
4942204,48:27:E2:3B:31:04,13054,21958,22205,0
6456432,48:27:E2:3B:31:04,18525,28571,29032,0
7814104,48:27:E2:3B:31:04,24045,34964,35425,0
8848279,48:27:E2:3B:31:04,28050,41018,41599,0
9943412,48:27:E2:3B:31:04,29844,43530,44111,0
11420535,48:27:E2:3B:31:04,35329,49789,51284,0
12426899,48:27:E2:3B:31:04,41606,59201,60696,0
13617190,48:27:E2:3B:31:04,43889,63949,65694,0
14664972,48:27:E2:3B:31:04,47922,70080,71945,0
15665598,48:27:E2:3B:31:04,50890,73202,75207,0
16946712,48:27:E2:3B:31:04,53663,79070,81819,0
18287339,48:27:E2:3B:31:04,59071,85656,88405,0
19475140,48:27:E2:3B:31:04,64704,93906,96775,0
20519253,48:27:E2:3B:31:04,68473,98692,101681,0
21704170,48:27:E2:3B:31:04,70327,101159,104148,0
22794065,48:27:E2:3B:31:04,75844,107751,111075,0
23875222,48:27:E2:3B:31:04,79612,114158,117482,0
24877564,48:27:E2:3B:31:04,83180,118334,121658,0
25897350,48:27:E2:3B:31:04,87178,123175,126739,0
26963221,48:27:E2:3B:31:04,89573,127974,131538,0
28169506,48:27:E2:3B:31:04,92202,133144,136708,0
29523469,48:27:E2:3B:31:04,95440,137469,141033,0
30581666,48:27:E2:3B:31:04,101423,144441,148125,0
31604389,48:27:E2:3B:31:04,105408,151258,154942,0
32606056,48:27:E2:3B:31:04,108891,153853,157537,0
33828815,48:27:E2:3B:31:04,112408,160526,164552,0
35272274,48:27:E2:3B:31:04,118178,167358,171679,0
36653940,48:27:E2:3B:31:04,123724,174014,178575,0
38167344,48:27:E2:3B:31:04,129385,180681,185369,0
39617987,48:27:E2:3B:31:04,134733,187143,192499,0
40907627,48:27:E2:3B:31:04,139802,193035,198391,0
41940490,48:27:E2:3B:31:04,145814,200342,205698,0
43043549,48:27:E2:3B:31:04,149447,206350,211706,0
44046887,48:27:E2:3B:31:04,152520,208374,213730,0
45133892,48:27:E2:3B:31:04,153368,213376,219326,0
46223223,48:27:E2:3B:31:04,159488,220650,226600,0
47440998,48:27:E2:3B:31:04,161492,223380,229330,0
48925840,48:27:E2:3B:31:04,167629,231089,237039,0
50226171,48:27:E2:3B:31:04,172787,240451,246521,0
51693923,48:27:E2:3B:31:04,178236,250209,256279,0
