time_us,own_mac,data_sent,data_received,data_sniffed,rx_failures,tx_failures
1568864,48:27:E2:3B:30:58,2310,9968,9968,0
3188606,48:27:E2:3B:30:58,4697,18903,19291,0
4570160,48:27:E2:3B:30:58,6767,28349,28737,0
6084345,48:27:E2:3B:30:58,8817,38431,38819,0
7441914,48:27:E2:3B:30:58,10544,48673,49061,0
8476615,48:27:E2:3B:30:58,12246,57070,57698,0
9572367,48:27:E2:3B:30:58,14051,59571,60199,0
11049567,48:27:E2:3B:30:58,17773,67621,69163,0
12055869,48:27:E2:3B:30:58,21968,78854,80396,0
13245302,48:27:E2:3B:30:58,22338,85543,87335,0
14293861,48:27:E2:3B:30:58,24237,93844,95876,0
15294263,48:27:E2:3B:30:58,25583,98612,100644,0
16575072,48:27:E2:3B:30:58,27660,105196,107814,0
17915244,48:27:E2:3B:30:58,29421,116063,118681,0
19103561,48:27:E2:3B:30:58,31190,128237,130975,0
20147168,48:27:E2:3B:30:58,33178,134828,137686,0
21332920,48:27:E2:3B:30:58,34837,137494,140352,0
22423072,48:27:E2:3B:30:58,38558,145914,149200,0
23503485,48:27:E2:3B:30:58,40640,154027,157313,0
24505408,48:27:E2:3B:30:58,42536,159899,163185,0
25526195,48:27:E2:3B:30:58,44479,166831,170357,0
26592173,48:27:E2:3B:30:58,46805,171699,175225,0
27797370,48:27:E2:3B:30:58,47381,178958,183340,0
29152583,48:27:E2:3B:30:58,48868,185062,189444,0
30190300,48:27:E2:3B:30:58,50929,196016,200518,0
31233468,48:27:E2:3B:30:58,53010,204765,209387,0
32236958,48:27:E2:3B:30:58,53855,210038,214660,0
33456824,48:27:E2:3B:30:58,55161,218954,224346,0
34901055,48:27:E2:3B:30:58,57080,229701,235255,0
36282931,48:27:E2:3B:30:58,59201,239830,245624,0
37796460,48:27:E2:3B:30:58,61144,250271,256426,0
38823174,48:27:E2:3B:30:58,63064,259912,266976,0
39829266,48:27:E2:3B:30:58,64728,269168,276232,0
40843075,48:27:E2:3B:30:58,66714,274998,282062,0
42072672,48:27:E2:3B:30:58,67129,280660,287724,0
43448682,48:27:E2:3B:30:58,69240,288591,295655,0
44762069,48:27:E2:3B:30:58,71149,297148,304954,0
45852215,48:27:E2:3B:30:58,72762,308997,316803,0
47068877,48:27:E2:3B:30:58,74948,311545,319351,0
48554188,48:27:E2:3B:30:58,78637,321449,329255,0
49697800,48:27:E2:3B:30:58,81964,332373,340633,0
51322130,48:27:E2:3B:30:58,86122,343735,352329,0
