time_us,own_mac,data_sent,data_received,data_sniffed,rx_failures,tx_failures
1044503,48:27:E2:3B:33:44,0,586,586,3
2553658,48:27:E2:3B:33:44,3992,8559,8559,3
4173332,48:27:E2:3B:33:44,6062,17811,17811,3
5554830,48:27:E2:3B:33:44,8390,26999,26999,3
7069196,48:27:E2:3B:33:44,11987,35514,35514,3
8426980,48:27:E2:3B:33:44,15687,43755,43755,3
9460254,48:27:E2:3B:33:44,17763,51774,51774,3
10555776,48:27:E2:3B:33:44,18052,55815,55815,3
12032860,48:27:E2:3B:33:44,19907,65752,65752,3
13040258,48:27:E2:3B:33:44,21824,79592,79592,3
14230034,48:27:E2:3B:33:44,23917,84538,84538,3
15276968,48:27:E2:3B:33:44,25836,92815,92815,3
16280463,48:27:E2:3B:33:44,26139,98576,98576,3
17560148,48:27:E2:3B:33:44,28548,104894,104894,3
18900374,48:27:E2:3B:33:44,32286,113174,113174,3
20120206,48:27:E2:3B:33:44,36049,123619,123619,3
21132359,48:27:E2:3B:33:44,37988,129970,129970,3
22316408,48:27:E2:3B:33:44,38277,134030,134030,3
23407109,48:27:E2:3B:33:44,39921,144555,144555,3
24488158,48:27:E2:3B:33:44,41944,152735,152735,3
25490293,48:27:E2:3B:33:44,43689,158762,158762,3
26509991,48:27:E2:3B:33:44,45579,165747,165747,3
27576764,48:27:E2:3B:33:44,45866,172686,172686,3
28782663,48:27:E2:3B:33:44,47803,178564,178564,3
30136071,48:27:E2:3B:33:44,50013,183933,183933,3
31580166,48:27:E2:3B:33:44,53700,193363,193363,3
33123881,48:27:E2:3B:33:44,57260,204182,204182,3
34442178,48:27:E2:3B:33:44,60694,213381,213381,3
35884762,48:27:E2:3B:33:44,64637,222072,222072,3
37266461,48:27:E2:3B:33:44,68219,230720,230720,3
38780206,48:27:E2:3B:33:44,71877,239426,239426,3
40230359,48:27:E2:3B:33:44,75376,247765,247765,3
41521075,48:27:E2:3B:33:44,78450,255684,255684,3
42554365,48:27:E2:3B:33:44,82299,265190,265190,3
43656044,48:27:E2:3B:33:44,84088,273066,273066,3
44656893,48:27:E2:3B:33:44,84259,277743,277743,3
45747135,48:27:E2:3B:33:44,86474,281655,281729,3
46837238,48:27:E2:3B:33:44,90732,290819,290893,3
48053976,48:27:E2:3B:33:44,90732,295589,295663,3
49539343,48:27:E2:3B:33:44,93092,306838,306912,3
50839730,48:27:E2:3B:33:44,95054,319440,319514,3
52307654,48:27:E2:3B:33:44,96875,332878,332952,3
