time_us,own_mac,data_sent,data_received,data_sniffed,rx_failures,tx_failures
1003720,48:27:E2:3B:33:44,2029,6442,6442,7
2009421,48:27:E2:3B:33:44,21378,48017,48017,7
3011488,48:27:E2:3B:33:44,36567,86814,86814,7
4018631,48:27:E2:3B:33:44,54076,139405,139405,7
5019489,48:27:E2:3B:33:44,67799,181068,181068,7
6025931,48:27:E2:3B:33:44,79724,225647,225647,7
7026354,48:27:E2:3B:33:44,92879,258676,258676,7
8035771,48:27:E2:3B:33:44,109217,308121,308121,7
9083497,48:27:E2:3B:33:44,120476,347816,347816,7
10100812,48:27:E2:3B:33:44,131844,384523,384523,7
11101524,48:27:E2:3B:33:44,143686,420825,420825,7
12109836,48:27:E2:3B:33:44,156291,456437,456437,7
13112967,48:27:E2:3B:33:44,167036,503779,503779,7
14113116,48:27:E2:3B:33:44,178801,547107,547107,7
15121389,48:27:E2:3B:33:44,191098,588511,588511,7
16123645,48:27:E2:3B:33:44,202397,623746,623746,7
17125888,48:27:E2:3B:33:44,217898,668693,668693,7
18128287,48:27:E2:3B:33:44,232586,718603,718603,7
19132717,48:27:E2:3B:33:44,243610,765515,765515,7
20135958,48:27:E2:3B:33:44,254948,800820,800820,7
21137251,48:27:E2:3B:33:44,266131,837741,837741,7
22137645,48:27:E2:3B:33:44,278352,869330,869330,7
23139313,48:27:E2:3B:33:44,289421,906460,906460,7
24142580,48:27:E2:3B:33:44,300776,941724,941724,7
25149113,48:27:E2:3B:33:44,311609,976306,976306,7
26166719,48:27:E2:3B:33:44,323350,1019159,1019159,7
27171243,48:27:E2:3B:33:44,335528,1064386,1064386,7
28173619,48:27:E2:3B:33:44,349450,1109808,1109808,7
29178603,48:27:E2:3B:33:44,363559,1151008,1151008,7
30212202,48:27:E2:3B:33:44,380544,1191820,1191820,7
31220229,48:27:E2:3B:33:44,392205,1227419,1227419,7
32221883,48:27:E2:3B:33:44,403619,1263608,1263608,7
33225600,48:27:E2:3B:33:44,414143,1297360,1297360,7
34227893,48:27:E2:3B:33:44,426552,1331575,1331575,7
35231401,48:27:E2:3B:33:44,437287,1365659,1365659,7
36232264,48:27:E2:3B:33:44,450570,1402551,1402551,7
37257265,48:27:E2:3B:33:44,465930,1443832,1443906,7
38261129,48:27:E2:3B:33:44,477102,1482619,1482693,7
39261900,48:27:E2:3B:33:44,493933,1527382,1527456,7
40262559,48:27:E2:3B:33:44,508094,1568246,1568320,7
41262966,48:27:E2:3B:33:44,520995,1610872,1610946,7
42267130,48:27:E2:3B:33:44,542518,1651765,1651839,7
43271853,48:27:E2:3B:33:44,556673,1693606,1693680,7
44275409,48:27:E2:3B:33:44,572611,1727151,1727225,7
45287817,48:27:E2:3B:33:44,585865,1770466,1770540,7
46290047,48:27:E2:3B:33:44,601545,1811797,1811871,7
47338071,48:27:E2:3B:33:44,618971,1851282,1851356,7
48338442,48:27:E2:3B:33:44,635904,1896557,1896631,7
49342629,48:27:E2:3B:33:44,649369,1940397,1940471,7
50349011,48:27:E2:3B:33:44,661170,1989520,1989594,7
51351882,48:27:E2:3B:33:44,675138,2025382,2025456,7
52354987,48:27:E2:3B:33:44,692209,2073564,2073638,7
53356731,48:27:E2:3B:33:44,710181,2115877,2115951,7
54357227,48:27:E2:3B:33:44,726244,2157942,2158016,7
55358899,48:27:E2:3B:33:44,738417,2195928,2196002,7
56361500,48:27:E2:3B:33:44,752203,2231586,2231660,7
57364006,48:27:E2:3B:33:44,763548,2268525,2268599,7
58417961,48:27:E2:3B:33:44,774967,2302505,2302579,7
59419605,48:27:E2:3B:33:44,787176,2338115,2338189,7
60420241,48:27:E2:3B:33:44,800060,2375704,2375778,7
