time_us,own_mac,data_sent,data_received,data_sniffed,rx_failures,tx_failures
1001639,48:27:E2:3B:30:58,11135,48597,50060,0
2002042,48:27:E2:3B:30:58,22209,92381,93844,0
3002743,48:27:E2:3B:30:58,34988,149254,150837,0
4014232,48:27:E2:3B:30:58,46300,197617,199200,0
5015822,48:27:E2:3B:30:58,60101,238802,240385,0
6016134,48:27:E2:3B:30:58,70888,276540,278123,0
7018682,48:27:E2:3B:30:58,88497,319986,321569,0
8019458,48:27:E2:3B:30:58,102887,362472,364269,0
9019845,48:27:E2:3B:30:58,113995,396853,398890,0
10020454,48:27:E2:3B:30:58,125134,432484,434521,0
11024976,48:27:E2:3B:30:58,136741,467782,469819,0
12026471,48:27:E2:3B:30:58,148930,512258,514295,0
13028721,48:27:E2:3B:30:58,160329,554900,556937,0
14034143,48:27:E2:3B:30:58,171456,598439,600810,0
15089794,48:27:E2:3B:30:58,182424,642796,645167,0
16090617,48:27:E2:3B:30:58,197966,681063,683434,0
17090706,48:27:E2:3B:30:58,212781,732222,734593,0
18092732,48:27:E2:3B:30:58,228478,780943,783454,0
19132457,48:27:E2:3B:30:58,240086,819011,821522,0
20132741,48:27:E2:3B:30:58,251687,854799,857550,0
21175413,48:27:E2:3B:30:58,263586,889748,892499,0
22179669,48:27:E2:3B:30:58,274769,925482,928233,0
23181620,48:27:E2:3B:30:58,286211,961390,964141,0
24193617,48:27:E2:3B:30:58,298900,995244,997995,0
25193701,48:27:E2:3B:30:58,310554,1035691,1038776,0
26195312,48:27:E2:3B:30:58,321508,1083818,1086903,0
27196672,48:27:E2:3B:30:58,334136,1127164,1130249,0
28200122,48:27:E2:3B:30:58,347221,1171275,1174500,0
29200988,48:27:E2:3B:30:58,358583,1218384,1221609,0
30204311,48:27:E2:3B:30:58,369830,1254600,1257825,0
31207489,48:27:E2:3B:30:58,381011,1290528,1293753,0
32231606,48:27:E2:3B:30:58,392457,1325486,1328711,0
33234524,48:27:E2:3B:30:58,405183,1360762,1363987,0
34241953,48:27:E2:3B:30:58,415687,1392903,1396128,0
35248637,48:27:E2:3B:30:58,428878,1430366,1433591,0
36249901,48:27:E2:3B:30:58,442865,1475695,1479402,0
37258356,48:27:E2:3B:30:58,454169,1513655,1517362,0
38259632,48:27:E2:3B:30:58,467117,1560908,1564615,0
39262676,48:27:E2:3B:30:58,481663,1603048,1606755,0
40323968,48:27:E2:3B:30:58,494720,1649595,1653536,0
41356380,48:27:E2:3B:30:58,508171,1705764,1709705,0
42359649,48:27:E2:3B:30:58,521438,1749870,1754145,0
43361107,48:27:E2:3B:30:58,532911,1790682,1795077,0
44362997,48:27:E2:3B:30:58,547709,1834201,1838716,0
45363487,48:27:E2:3B:30:58,560074,1875996,1880638,0
46403178,48:27:E2:3B:30:58,572795,1921252,1925894,0
47407286,48:27:E2:3B:30:58,587699,1968152,1972794,0
48407617,48:27:E2:3B:30:58,600997,2012965,2017607,0
49409072,48:27:E2:3B:30:58,614363,2058325,2063355,0
50412175,48:27:E2:3B:30:58,625985,2101930,2106960,0
51413465,48:27:E2:3B:30:58,639241,2148283,2153313,0
52417801,48:27:E2:3B:30:58,650975,2198580,2203610,0
53422285,48:27:E2:3B:30:58,663431,2245981,2251011,0
54424305,48:27:E2:3B:30:58,674935,2286423,2291573,0
55425239,48:27:E2:3B:30:58,687325,2324275,2329545,0
56425481,48:27:E2:3B:30:58,698665,2359567,2364837,0
57429023,48:27:E2:3B:30:58,709662,2395327,2400597,0
58429662,48:27:E2:3B:30:58,720501,2429645,2434915,0
59433233,48:27:E2:3B:30:58,732137,2465695,2471607,0
60438721,48:27:E2:3B:30:58,745241,2516684,2522596,0
61439283,48:27:E2:3B:30:58,756268,2561698,2567610,0
