time_us,node_id,target_id,traffic_generator,data_sent,packets_sent,reports_sent,natives_sent,coded_sent,data_received,packets_received,reports_received,natives_received,decoded_received,coded_received,cache_hits,cache_misses
1009724,C,B,Random(9000),8892,7,0,7,0,22045,23,1,0,22,0,0,0
2031217,C,B,Random(9000),18644,19,0,19,0,41165,54,1,0,52,1,0,0
3031392,C,B,Random(9000),28978,32,0,32,0,68377,89,1,0,87,1,0,0
4057190,C,B,Random(9000),37590,40,0,40,0,95639,117,1,0,115,1,0,0
5078028,C,A,Random(9000),47598,48,0,48,0,115867,139,1,0,137,1,0,0
6107323,C,B,Random(9000),56523,63,0,63,0,133948,169,1,0,167,1,0,0
7110708,C,B,Random(9000),70361,91,0,91,0,155097,208,2,0,205,1,0,0
8112483,C,B,Random(9000),80510,105,0,105,0,176590,231,2,0,228,1,0,0
9142392,C,A,Random(9000),89515,121,0,121,0,194766,259,2,0,256,1,0,0
10176087,C,B,Random(9000),98278,137,0,137,0,212371,289,2,0,286,1,0,0
11202162,C,A,Random(9000),107268,152,0,152,0,230171,314,2,0,311,1,0,0
12205227,C,B,Random(9000),116922,163,0,163,0,258436,338,2,0,335,1,0,0
13211337,C,A,Random(9000),125935,178,0,178,0,279020,369,2,0,366,1,0,0
14218557,C,B,Random(9000),134386,186,0,186,0,302746,397,2,0,394,1,0,0
15249150,C,B,Random(9000),142970,198,0,198,0,319964,420,2,0,417,1,0,0
16266341,C,A,Random(9000),156182,214,0,214,0,337097,443,2,0,440,1,0,0
17269640,C,B,Random(9000),167705,227,0,227,0,360622,476,2,0,473,1,0,0
18269712,C,A,Random(9000),178702,238,0,238,0,385600,511,2,0,508,1,0,0
19323361,C,A,Random(9000),188903,256,0,256,0,403499,540,2,0,537,1,0,0
20332515,C,B,Random(9000),197534,269,0,269,0,422542,566,2,0,563,1,0,0
21350519,C,A,Random(9000),206788,284,0,284,0,438632,590,2,0,587,1,0,0
22363811,C,A,Random(9000),215485,293,0,293,0,457526,609,2,0,606,1,0,0
23386927,C,A,Random(9000),224314,308,0,308,0,476350,632,2,0,629,1,0,0
24392539,C,B,Random(9000),232630,317,0,317,0,494439,656,2,0,653,1,0,0
25430115,C,B,Random(9000),241487,334,0,334,0,515367,693,2,0,690,1,0,0
26437353,C,A,Random(9000),251161,348,0,348,0,539736,725,2,0,722,1,0,0
27444598,C,A,Random(9000),262100,363,0,363,0,558396,763,2,0,760,1,0,0
28493636,C,B,Random(9000),270864,378,0,378,0,580601,801,2,0,798,1,0,0
29535970,C,B,Random(9000),279870,386,0,386,0,602939,827,3,0,823,1,0,0
30574975,C,B,Random(9000),288930,401,0,401,0,620975,855,3,0,851,1,0,0
31581377,C,B,Random(9000),298741,412,0,412,0,638158,876,3,0,872,1,0,0
32624182,C,B,Random(9000),307230,420,0,420,0,657699,896,3,0,892,1,0,0
33629194,C,B,Random(9000),316456,441,0,441,0,674179,927,3,0,923,1,0,0
34666285,C,B,Random(9000),325348,454,0,454,0,690900,952,3,0,948,1,0,0
35667288,C,B,Random(9000),335328,465,0,465,0,709490,975,3,0,971,1,0,0
36695580,C,B,Random(9000),346715,475,0,475,0,731602,1003,3,0,999,1,0,0
37717783,C,B,Random(9000),355598,488,0,488,0,751696,1031,3,0,1027,1,0,0
38734441,C,A,Random(9000),368713,502,0,502,0,772354,1061,3,0,1057,1,0,0
39788298,C,A,Random(9000),378578,514,0,514,0,793606,1086,3,0,1082,1,0,0
40799276,C,B,Random(9000),388410,521,0,521,0,815377,1106,3,0,1102,1,0,0
41812485,C,B,Random(9000),397864,529,0,529,0,840521,1130,3,0,1126,1,0,0
42823354,C,A,Random(9000),409302,540,0,540,0,856621,1154,3,0,1150,1,0,0
43843772,C,B,Random(9000),420959,550,0,550,0,878402,1178,3,0,1174,1,0,0
44893504,C,B,Random(9000),429616,558,0,558,0,898764,1200,3,0,1196,1,0,0
45932925,C,A,Random(9000),440955,572,0,572,0,917138,1235,4,0,1230,1,0,0
46940018,C,B,Random(9000),452067,582,0,582,0,936836,1256,4,0,1251,1,0,0
47969282,C,B,Random(9000),463395,595,0,595,0,962699,1282,4,0,1277,1,0,0
48992905,C,B,Random(9000),472148,605,0,605,0,986120,1317,4,0,1312,1,0,0
49998998,C,A,Random(9000),482356,620,0,620,0,1008116,1352,4,0,1347,1,0,0
51009462,C,A,Random(9000),491315,632,0,632,0,1028369,1382,4,0,1377,1,0,0
52071147,C,A,Random(9000),504291,643,0,643,0,1050138,1409,4,0,1404,1,0,0
53073665,C,B,Random(9000),514291,655,0,655,0,1077357,1443,4,0,1438,1,0,0
54097613,C,A,Random(9000),523249,668,0,668,0,1095080,1472,4,0,1467,1,0,0
55098339,C,B,Random(9000),531836,680,0,680,0,1116519,1498,4,0,1493,1,0,0
56191357,C,A,Random(9000),540546,693,0,693,0,1134287,1528,4,0,1523,1,0,0
57236738,C,A,Random(9000),550475,707,0,707,0,1152187,1554,4,0,1549,1,0,0
58296499,C,A,Random(9000),559089,716,0,716,0,1171565,1573,4,0,1568,1,0,0
59338454,C,A,Random(9000),569309,732,0,732,0,1189009,1599,4,0,1594,1,0,0
60341679,C,A,Random(9000),579671,743,0,743,0,1217070,1626,4,0,1621,1,0,0
61345397,C,B,Random(9000),588400,751,0,751,0,1241754,1652,4,0,1647,1,0,0
