time_us,node_id,target_id,traffic_generator,data_sent,packets_sent,reports_sent,natives_sent,coded_sent,data_received,packets_received,reports_received,natives_received,decoded_received,coded_received,cache_hits,cache_misses
1011319,B,C,None,14595,16,1,0,15,16015,16,0,16,0,0,0,0
2014519,B,A,None,33423,40,1,0,39,34837,41,0,41,0,0,0,0
3017464,B,C,None,56381,74,1,0,73,57890,74,0,74,0,0,0,0
4052420,B,A,None,78037,96,1,0,95,78069,96,0,96,0,0,0,0
5087784,B,A,None,94022,114,1,0,113,95404,114,0,114,0,0,0,0
6093825,B,C,None,114392,139,1,0,138,115989,139,0,139,0,0,0,0
7122725,B,A,None,134469,177,1,0,176,136066,177,0,177,0,0,0,0
8143388,B,A,None,158576,203,1,0,202,158635,203,0,203,0,0,0,0
9215533,B,C,None,176198,226,1,0,225,177693,227,0,227,0,0,0,0
10294170,B,A,None,194465,261,1,0,260,197221,262,0,262,0,0,0,0
11314930,B,A,None,213641,286,1,0,285,215001,286,0,286,0,0,0,0
12335273,B,C,None,232041,305,1,0,304,233432,305,0,305,0,0,0,0
13338282,B,C,None,249188,328,1,0,327,250763,328,0,328,0,0,0,0
14363619,B,C,None,267427,353,1,0,352,268947,353,0,353,0,0,0,0
15413404,B,C,None,287095,371,1,0,370,287181,371,0,371,0,0,0,0
16478517,B,A,None,304443,397,1,0,396,304552,397,0,397,0,0,0,0
17492953,B,C,None,326181,423,1,0,422,326289,423,0,423,0,0,0,0
18509081,B,A,None,349723,457,1,0,456,351164,457,0,457,0,0,0,0
19531557,B,A,None,367622,486,1,0,485,369035,486,0,486,0,0,0,0
20536740,B,A,None,383833,508,1,0,507,386532,509,0,509,0,0,0,0
21540876,B,C,None,402755,536,1,0,535,404179,536,0,536,0,0,0,0
22570657,B,A,None,420148,553,1,0,552,421649,554,0,554,0,0,0,0
23572756,B,A,None,437557,575,1,0,574,440442,576,0,576,0,0,0,0
24606347,B,C,None,455752,599,1,0,598,458490,600,0,600,0,0,0,0
25607205,B,C,None,474885,631,1,0,630,474965,632,0,632,0,0,0,0
26648375,B,A,None,490537,655,1,0,654,491994,656,0,656,0,0,0,0
27677049,B,A,None,510176,689,1,0,688,511589,689,0,689,0,0,0,0
28702829,B,C,None,526885,720,1,0,719,529537,721,0,721,0,0,0,0
29732592,B,C,None,549010,744,1,0,743,551785,745,0,745,0,0,0,0
30753975,B,C,None,568294,772,1,0,771,568401,772,0,772,0,0,0,0
31832791,B,A,None,585558,794,1,0,793,588275,795,0,795,0,0,0,0
32836069,B,C,None,605180,813,1,0,812,606545,814,0,814,0,0,0,0
33853262,B,C,None,621463,844,1,0,843,623025,845,0,845,0,0,0,0
34880566,B,C,None,636877,869,1,0,868,639746,870,0,870,0,0,0,0
35922679,B,A,None,656900,893,1,0,892,659864,894,0,894,0,0,0,0
36953006,B,C,None,678985,920,1,0,919,681773,921,0,921,0,0,0,0
37965426,B,C,None,697385,945,1,0,944,700339,946,0,946,0,0,0,0
39015482,B,A,None,720915,975,1,0,974,722301,976,0,976,0,0,0,0
40026425,B,A,None,742020,997,1,0,996,743507,997,0,997,0,0,0,0
41086312,B,C,None,762304,1016,1,0,1015,762347,1016,0,1016,0,0,0,0
42107019,B,C,None,785898,1038,1,0,1037,785979,1038,0,1038,0,0,0,0
43139605,B,C,None,803276,1062,1,0,1061,803356,1062,0,1062,0,0,0,0
44144710,B,A,None,823700,1085,1,0,1084,823793,1086,0,1086,0,0,0,0
45158100,B,A,None,842621,1106,1,0,1105,845586,1107,0,1107,0,0,0,0
46187496,B,C,None,864040,1142,1,0,1141,865350,1142,0,1142,0,0,0,0
47216966,B,C,None,885049,1164,1,0,1163,886573,1164,0,1164,0,0,0,0
48217340,B,C,None,908023,1188,1,0,1187,909432,1188,0,1188,0,0,0,0
49230759,B,A,None,927328,1217,1,0,1216,928744,1218,0,1218,0,0,0,0
50245460,B,A,None,946167,1246,1,0,1245,947676,1246,0,1246,0,0,0,0
51252459,B,C,None,963498,1270,1,0,1269,964868,1270,0,1270,0,0,0,0
52338244,B,A,None,982303,1293,1,0,1292,985246,1294,0,1294,0,0,0,0
53363857,B,C,None,1009522,1327,1,0,1326,1009597,1327,0,1327,0,0,0,0
54404114,B,C,None,1028738,1357,1,0,1356,1028757,1357,0,1357,0,0,0,0
55424890,B,A,None,1048684,1382,1,0,1381,1050155,1383,0,1383,0,0,0,0
56474562,B,A,None,1066452,1412,1,0,1411,1069275,1413,0,1413,0,0,0,0
57495630,B,A,None,1084352,1438,1,0,1437,1087062,1439,0,1439,0,0,0,0
58495870,B,C,None,1103678,1456,1,0,1455,1104988,1457,0,1457,0,0,0,0
59541321,B,A,None,1119580,1481,1,0,1480,1122381,1482,0,1482,0,0,0,0
60542784,B,A,None,1139119,1501,1,0,1500,1140477,1501,0,1501,0,0,0,0
