time_us,own_mac,data_sent,data_received,data_sniffed,rx_failures,tx_failures
1000537,48:27:E2:3B:31:04,17047,22945,22945,0
2011699,48:27:E2:3B:31:04,41840,54531,54531,0
3012896,48:27:E2:3B:31:04,71636,91415,91415,0
4014379,48:27:E2:3B:31:04,98729,127187,127307,0
5039047,48:27:E2:3B:31:04,119806,157950,158070,0
6042539,48:27:E2:3B:31:04,145581,186581,186701,0
7045141,48:27:E2:3B:31:04,171600,214846,214966,0
8061358,48:27:E2:3B:31:04,201767,246314,246434,0
9064319,48:27:E2:3B:31:04,226321,269205,269753,0
10065739,48:27:E2:3B:31:04,249074,293638,294186,0
11074026,48:27:E2:3B:31:04,271656,317600,318148,0
12090981,48:27:E2:3B:31:04,294728,347929,348477,0
13093105,48:27:E2:3B:31:04,318295,378287,378835,0
14110375,48:27:E2:3B:31:04,341006,409390,409938,0
15111746,48:27:E2:3B:31:04,365486,441562,442444,0
16115001,48:27:E2:3B:31:04,385352,467392,468274,0
17152068,48:27:E2:3B:31:04,413059,504558,505440,0
18160449,48:27:E2:3B:31:04,441218,539909,541211,0
19161181,48:27:E2:3B:31:04,468475,569507,570809,0
20161798,48:27:E2:3B:31:04,491914,592395,594151,0
21163562,48:27:E2:3B:31:04,514826,614110,615866,0
22165654,48:27:E2:3B:31:04,537689,638415,640171,0
23173439,48:27:E2:3B:31:04,560011,662490,664246,0
24174282,48:27:E2:3B:31:04,582524,684443,686199,0
25181204,48:27:E2:3B:31:04,606021,711707,713463,0
26185968,48:27:E2:3B:31:04,629598,743505,745595,0
27189988,48:27:E2:3B:31:04,650897,776881,778971,0
28237392,48:27:E2:3B:31:04,678097,810348,812578,0
29239214,48:27:E2:3B:31:04,702792,841523,843753,0
30240388,48:27:E2:3B:31:04,728100,868578,870808,0
31240479,48:27:E2:3B:31:04,752319,891498,893728,0
32270565,48:27:E2:3B:31:04,774645,915699,918143,0
33275726,48:27:E2:3B:31:04,798905,939402,941846,0
34277492,48:27:E2:3B:31:04,819643,962277,964721,0
35289979,48:27:E2:3B:31:04,843023,989425,991869,0
36301515,48:27:E2:3B:31:04,870993,1017915,1020591,0
37304132,48:27:E2:3B:31:04,894653,1043713,1046937,0
38304315,48:27:E2:3B:31:04,919771,1075148,1078372,0
39306962,48:27:E2:3B:31:04,946584,1106074,1109298,0
40307032,48:27:E2:3B:31:04,971647,1138120,1141578,0
41309338,48:27:E2:3B:31:04,998316,1173106,1176564,0
42314765,48:27:E2:3B:31:04,1025976,1204730,1208308,0
43322464,48:27:E2:3B:31:04,1046632,1233921,1237499,0
44324369,48:27:E2:3B:31:04,1077366,1264910,1268608,0
45329135,48:27:E2:3B:31:04,1100416,1290307,1294005,0
46334719,48:27:E2:3B:31:04,1129050,1321011,1324836,0
47337736,48:27:E2:3B:31:04,1155079,1351237,1355062,0
48341859,48:27:E2:3B:31:04,1184784,1382851,1387170,0
49345261,48:27:E2:3B:31:04,1209243,1417452,1422159,0
50348410,48:27:E2:3B:31:04,1234540,1449159,1453866,0
51386083,48:27:E2:3B:31:04,1254478,1482335,1487042,0
52388131,48:27:E2:3B:31:04,1279454,1523619,1528326,0
53389471,48:27:E2:3B:31:04,1313743,1556234,1560941,0
54397909,48:27:E2:3B:31:04,1337682,1581116,1585823,0
55400172,48:27:E2:3B:31:04,1363636,1609845,1614672,0
56403354,48:27:E2:3B:31:04,1388453,1632006,1636833,0
57411169,48:27:E2:3B:31:04,1410067,1656214,1661041,0
58411305,48:27:E2:3B:31:04,1432944,1678398,1683365,0
59414560,48:27:E2:3B:31:04,1455260,1701349,1706744,0
60416491,48:27:E2:3B:31:04,1478019,1735928,1741323,0
