time_us,node_id,target_id,traffic_generator,data_sent,packets_sent,reports_sent,natives_sent,coded_sent,data_received,packets_received,reports_received,natives_received,decoded_received,coded_received,cache_hits,cache_misses
1054487,A,C,Random(9000),3006,3,0,3,0,2858,5,2,0,3,0,0,0
2068601,A,B,Random(9000),17728,23,0,23,0,24205,35,2,0,33,0,0,0
3084385,A,B,Random(9000),30603,43,0,43,0,40183,58,2,0,56,0,0,0
4108234,A,B,Random(9000),43136,57,0,57,0,65874,87,2,0,85,0,0,0
5114479,A,C,Random(9000),53097,67,0,67,0,87332,107,2,0,105,0,0,0
6179074,A,C,Random(9000),64791,80,0,80,0,109119,133,2,0,131,0,0,0
7208941,A,C,Random(9000),75000,94,0,94,0,120311,162,3,0,159,0,0,0
8267647,A,C,Random(9000),87929,108,0,108,0,145218,198,3,0,195,0,0,0
9279003,A,B,Random(9000),96635,117,0,117,0,164369,221,3,0,218,0,0,0
10312156,A,B,Random(9000),105547,127,0,127,0,183625,251,3,0,248,0,0,0
11379295,A,B,Random(9000),114846,140,0,140,0,201934,283,3,0,280,0,0,0
12403708,A,C,Random(9000),124683,149,0,149,0,223531,305,3,0,302,0,0,0
13463061,A,B,Random(9000),133341,157,0,157,0,248823,333,3,0,330,0,0,0
14494348,A,B,Random(9000),142552,172,0,172,0,270297,366,3,0,363,0,0,0
15522187,A,C,Random(9000),154184,183,0,183,0,292896,387,3,0,384,0,0,0
16548631,A,B,Random(9000),162687,190,0,190,0,306450,411,3,0,408,0,0,0
17557370,A,B,Random(9000),174257,205,0,205,0,326320,436,3,0,433,0,0,0
18567878,A,C,Random(9000),185078,225,0,225,0,347438,470,3,0,467,0,0,0
19583948,A,B,Random(9000),193954,237,0,237,0,369089,502,3,0,499,0,0,0
20611235,A,B,Random(9000),202998,248,0,248,0,387082,528,3,0,525,0,0,0
21614167,A,C,Random(9000),212797,259,0,259,0,403243,550,3,0,547,0,0,0
22661370,A,B,Random(9000),221536,270,0,270,0,423523,576,3,0,573,0,0,0
23692584,A,C,Random(9000),230288,281,0,281,0,440958,594,3,0,591,0,0,0
24698697,A,B,Random(9000),240113,290,0,290,0,459329,619,3,0,616,0,0,0
25744500,A,B,Random(9000),248720,303,0,303,0,479234,646,3,0,643,0,0,0
26772573,A,B,Random(9000),257427,315,0,315,0,502624,683,3,0,680,0,0,0
27786374,A,C,Random(9000),267470,333,0,333,0,520131,714,3,0,711,0,0,0
28796525,A,B,Random(9000),277911,350,0,350,0,539422,749,3,0,746,0,0,0
29801721,A,C,Random(9000),291120,369,0,369,0,557076,774,4,0,770,0,0,0
30810456,A,B,Random(9000),301576,382,0,382,0,579370,804,4,0,800,0,0,0
31818928,A,B,Random(9000),310257,393,0,393,0,596596,829,4,0,825,0,0,0
32823306,A,B,Random(9000),318928,402,0,402,0,615216,845,4,0,841,0,0,0
33879855,A,C,Random(9000),328903,416,0,416,0,631504,873,4,0,869,0,0,0
34895179,A,C,Random(9000),337971,428,0,428,0,644785,900,4,0,896,0,0,0
35912614,A,B,Random(9000),348154,440,0,440,0,665522,922,4,0,918,0,0,0
36921170,A,C,Random(9000),359891,456,0,456,0,684604,947,4,0,943,0,0,0
37969009,A,C,Random(9000),368605,470,0,470,0,699402,970,4,0,966,0,0,0
38975923,A,C,Random(9000),380377,490,0,490,0,717950,998,4,0,994,0,0,0
40004332,A,C,Random(9000),391720,499,0,499,0,735377,1021,4,0,1017,0,0,0
41094411,A,C,Random(9000),401955,510,0,510,0,757193,1042,4,0,1038,0,0,0
42094973,A,C,Random(9000),417684,526,0,526,0,776934,1063,4,0,1059,0,0,0
43096776,A,B,Random(9000),430656,540,0,540,0,794216,1084,4,0,1080,0,0,0
44099068,A,C,Random(9000),442476,559,0,559,0,809876,1105,4,0,1101,0,0,0
45124358,A,C,Random(9000),455370,573,0,573,0,830425,1129,4,0,1125,0,0,0
46133709,A,C,Random(9000),466072,588,0,588,0,849541,1152,5,0,1147,0,0,0
47187025,A,B,Random(9000),479653,607,0,607,0,870060,1184,5,0,1179,0,0,0
48187052,A,B,Random(9000),492969,624,0,624,0,891857,1211,5,0,1206,0,0,0
49190722,A,B,Random(9000),503360,638,0,638,0,912745,1237,5,0,1232,0,0,0
50206346,A,C,Random(9000),513429,654,0,654,0,930960,1264,5,0,1259,0,0,0
51207448,A,B,Random(9000),523355,672,0,672,0,949062,1301,5,0,1296,0,0,0
52237879,A,C,Random(9000),536187,688,0,688,0,967602,1320,5,0,1315,0,0,0
53260692,A,C,Random(9000),551864,702,0,702,0,985583,1342,5,0,1337,0,0,0
54271219,A,B,Random(9000),562311,722,0,722,0,1009048,1377,5,0,1372,0,0,0
55292961,A,B,Random(9000),573482,734,0,734,0,1027453,1400,5,0,1395,0,0,0
56317504,A,C,Random(9000),583840,754,0,754,0,1044860,1428,5,0,1423,0,0,0
57348811,A,B,Random(9000),592680,765,0,765,0,1065181,1457,5,0,1452,0,0,0
58409997,A,C,Random(9000),602751,777,0,777,0,1082271,1478,5,0,1473,0,0,0
59416207,A,B,Random(9000),611263,786,0,786,0,1101969,1500,5,0,1495,0,0,0
60423801,A,B,Random(9000),621491,795,0,795,0,1119927,1523,5,0,1518,0,0,0
