time_us,own_mac,data_sent,data_received,data_sniffed,rx_failures,tx_failures
1026563,48:27:E2:3B:33:44,2108,4901,4901,3
2131772,48:27:E2:3B:33:44,5991,14584,14584,3
3152858,48:27:E2:3B:33:44,10164,32176,32176,3
4201466,48:27:E2:3B:33:44,13884,41135,41135,3
5208964,48:27:E2:3B:33:44,17485,51810,51810,3
6305467,48:27:E2:3B:33:44,19813,65559,65559,3
7348251,48:27:E2:3B:33:44,21888,73784,73784,3
8369494,48:27:E2:3B:33:44,25544,92038,92038,3
9436559,48:27:E2:3B:33:44,27495,100006,100006,3
10451981,48:27:E2:3B:33:44,31312,113669,113669,3
11456363,48:27:E2:3B:33:44,33701,126157,126157,3
12472705,48:27:E2:3B:33:44,37530,139357,139357,3
13513647,48:27:E2:3B:33:44,39931,150560,150560,3
14542421,48:27:E2:3B:33:44,41766,161535,161535,3
15828858,48:27:E2:3B:33:44,45529,174559,174559,3
16829530,48:27:E2:3B:33:44,49578,190970,190970,3
17861421,48:27:E2:3B:33:44,52462,203387,203387,3
18901700,48:27:E2:3B:33:44,54781,211758,211758,3
19913693,48:27:E2:3B:33:44,57020,224262,224262,3
20919007,48:27:E2:3B:33:44,61193,238514,238514,3
21919880,48:27:E2:3B:33:44,63014,248207,248207,3
22958476,48:27:E2:3B:33:44,66875,260878,260878,3
24027460,48:27:E2:3B:33:44,68631,267028,267028,3
25033742,48:27:E2:3B:33:44,71136,280252,280252,3
26120030,48:27:E2:3B:33:44,75371,293346,293346,3
27162039,48:27:E2:3B:33:44,77817,305062,305062,3
28213675,48:27:E2:3B:33:44,80395,314722,314722,3
29214589,48:27:E2:3B:33:44,84209,329804,329804,3
30218686,48:27:E2:3B:33:44,86308,340008,340008,3
31219875,48:27:E2:3B:33:44,89652,349328,349328,3
32233420,48:27:E2:3B:33:44,91884,363749,363749,3
33292411,48:27:E2:3B:33:44,95700,372464,372464,3
34315123,48:27:E2:3B:33:44,97675,384579,384579,3
35319020,48:27:E2:3B:33:44,100632,391176,391176,3
36358292,48:27:E2:3B:33:44,103200,404684,404684,3
37365627,48:27:E2:3B:33:44,105359,413622,413622,3
38431173,48:27:E2:3B:33:44,108948,426698,426698,3
39431273,48:27:E2:3B:33:44,112269,435530,435530,3
40520489,48:27:E2:3B:33:44,114088,449065,449065,3
41536588,48:27:E2:3B:33:44,117924,459287,459287,3
42665223,48:27:E2:3B:33:44,119925,473226,473226,3
43697236,48:27:E2:3B:33:44,122222,481978,481978,3
