time_us,node_id,target_id,traffic_generator,data_sent,packets_sent,reports_sent,natives_sent,coded_sent,data_received,packets_received,reports_received,natives_received,decoded_received,coded_received,cache_hits,cache_misses
1051378,C,B,Random(2000),2796,8,4,4,0,6008,19,4,0,15,0,0,0
2088363,C,B,Random(2000),4340,13,5,8,0,12742,33,9,0,24,0,0,0
3251866,C,A,Random(2000),7379,19,9,10,0,18084,51,12,0,39,0,0,0
4415698,C,A,Random(2000),8813,22,10,12,0,22372,60,18,0,42,0,0,0
5418370,C,A,Random(2000),11709,26,12,14,0,32735,72,21,0,51,0,0,0
6628545,C,A,Random(2000),13226,30,13,17,0,37242,82,26,0,56,0,0,0
7656224,C,A,Random(2000),16151,38,15,23,0,47382,101,30,0,71,0,0,0
8756549,C,B,Random(2000),17524,41,17,24,0,52810,111,36,0,75,0,0,0
9883396,C,B,Random(2000),20729,48,20,28,0,57639,127,41,0,86,0,0,0
10954941,C,B,Random(2000),22412,53,21,32,0,64362,145,45,0,100,0,0,0
11988864,C,B,Random(2000),24056,60,23,37,0,73130,162,49,0,113,0,0,0
13037365,C,A,Random(2000),26893,66,27,39,0,79318,177,53,0,124,0,0,0
14168029,C,B,Random(2000),28454,71,28,43,0,85106,192,59,0,133,0,0,0
15181623,C,A,Random(2000),31453,79,29,50,0,91013,206,62,0,144,0,0,0
16255039,C,B,Random(2000),33300,87,32,55,0,98746,227,66,0,161,0,0,0
17284141,C,A,Random(2000),34971,93,34,59,0,103977,245,69,0,176,0,0,0
18300276,C,A,Random(2000),37905,100,38,62,0,107141,262,76,0,186,0,0,0
19319617,C,B,Random(2000),39280,104,41,63,0,116196,277,80,0,197,0,0,0
20331478,C,B,Random(2000),40834,111,45,66,0,121065,292,83,0,209,0,0,0
21386608,C,B,Random(2000),43544,116,47,69,0,127663,303,87,0,216,0,0,0
22407478,C,B,Random(2000),45051,121,51,70,0,132306,317,92,0,225,0,0,0
23511108,C,B,Random(2000),47946,125,52,73,0,137800,326,96,0,230,0,0,0
24518134,C,B,Random(2000),49497,130,55,75,0,144313,340,99,0,241,0,0,0
25585011,C,A,Random(2000),52250,136,58,78,0,148690,351,105,0,246,0,0,0
26752501,C,B,Random(2000),53685,141,62,79,0,154727,367,110,0,257,0,0,0
27801328,C,B,Random(2000),56682,149,64,85,0,162357,386,113,0,273,0,0,0
28916752,C,B,Random(2000),58092,155,66,89,0,168309,399,117,0,282,0,0,0
29944744,C,A,Random(2000),61007,163,69,94,0,174233,415,121,0,294,0,0,0
31006872,C,B,Random(2000),62322,166,71,95,0,179631,427,127,0,300,0,0,0
32014623,C,B,Random(2000),65066,171,74,97,0,186284,438,130,0,308,0,0,0
33195362,C,B,Random(2000),66478,175,76,99,0,190638,450,134,0,316,0,0,0
34276666,C,A,Random(2000),69292,181,80,101,0,196266,461,137,0,324,0,0,0
35322697,C,B,Random(2000),70615,185,82,103,0,200388,472,142,0,330,0,0,0
36369696,C,A,Random(2000),73451,191,86,105,0,207278,482,147,0,335,0,0,0
37381415,C,B,Random(2000),74685,194,88,106,0,212687,494,152,0,342,0,0,0
38471910,C,A,Random(2000),77682,200,91,109,0,218518,502,155,0,347,0,0,0
39601915,C,A,Random(2000),80178,205,94,111,0,225250,513,161,0,352,0,0,0
40803783,C,B,Random(2000),81727,209,97,112,0,232326,525,168,0,357,0,0,0
41821825,C,B,Random(2000),84678,215,100,115,0,239787,535,171,0,364,0,0,0
43018694,C,B,Random(2000),86035,219,103,116,0,245613,545,175,0,370,0,0,0
44074562,C,B,Random(2000),89012,224,105,119,0,251521,556,179,0,377,0,0,0
