time_us,own_mac,data_sent,data_received,data_sniffed,rx_failures,tx_failures
1001741,48:27:E2:3B:31:04,5885,7275,7402,0
2035597,48:27:E2:3B:31:04,11841,18127,18254,0
3168665,48:27:E2:3B:31:04,16929,26483,26610,0
4173022,48:27:E2:3B:31:04,26100,36686,37263,0
5437248,48:27:E2:3B:31:04,29971,43153,43970,0
6445661,48:27:E2:3B:31:04,37797,56974,57791,0
7455534,48:27:E2:3B:31:04,41925,65084,66337,0
8456381,48:27:E2:3B:31:04,48227,77017,78270,0
9469862,48:27:E2:3B:31:04,53057,82276,83529,0
10515189,48:27:E2:3B:31:04,57563,89785,91624,0
11550584,48:27:E2:3B:31:04,64325,101064,102903,0
12612521,48:27:E2:3B:31:04,70442,112086,114045,0
13614981,48:27:E2:3B:31:04,76618,121083,123042,0
14615858,48:27:E2:3B:31:04,82208,127829,129788,0
15616072,48:27:E2:3B:31:04,88736,139076,141603,0
16618966,48:27:E2:3B:31:04,93483,148781,151466,0
17658231,48:27:E2:3B:31:04,98787,157370,160213,0
18723660,48:27:E2:3B:31:04,105053,165658,168741,0
19746812,48:27:E2:3B:31:04,111609,176205,179288,0
20774323,48:27:E2:3B:31:04,115851,183559,187070,0
21820230,48:27:E2:3B:31:04,123138,195190,198915,0
22912633,48:27:E2:3B:31:04,127150,200489,204214,0
23933770,48:27:E2:3B:31:04,134497,211090,214815,0
24938310,48:27:E2:3B:31:04,139147,218473,222198,0
26082101,48:27:E2:3B:31:04,144878,226950,230675,0
27083365,48:27:E2:3B:31:04,151261,234273,238426,0
28089180,48:27:E2:3B:31:04,157461,246172,250325,0
29185208,48:27:E2:3B:31:04,162014,254866,259286,0
30215106,48:27:E2:3B:31:04,169723,262774,267194,0
31295173,48:27:E2:3B:31:04,173467,272046,276466,0
32297769,48:27:E2:3B:31:04,180181,281607,286680,0
33450723,48:27:E2:3B:31:04,184480,287101,292174,0
34567209,48:27:E2:3B:31:04,191789,297682,302995,0
35567282,48:27:E2:3B:31:04,195663,302821,308134,0
36660426,48:27:E2:3B:31:04,202702,313601,318914,0
37670190,48:27:E2:3B:31:04,208058,321663,327190,0
38762946,48:27:E2:3B:31:04,213658,330009,335536,0
39804322,48:27:E2:3B:31:04,218944,339082,344729,0
40808184,48:27:E2:3B:31:04,224311,347242,353009,0
41808945,48:27:E2:3B:31:04,228431,354012,359779,0
42826320,48:27:E2:3B:31:04,236054,366386,372153,0
44062570,48:27:E2:3B:31:04,240151,371791,377986,0
