time_us,own_mac,data_sent,data_received,data_sniffed,rx_failures,tx_failures
1013851,48:27:E2:3B:30:58,3982,15791,15791,0
2083520,48:27:E2:3B:30:58,6200,25708,25708,0
3090037,48:27:E2:3B:30:58,10258,38787,38787,0
4131479,48:27:E2:3B:30:58,12122,50945,50945,0
5172947,48:27:E2:3B:30:58,14185,58957,59197,0
6180807,48:27:E2:3B:30:58,18030,76750,76990,0
7191386,48:27:E2:3B:30:58,20025,87029,87509,0
8192448,48:27:E2:3B:30:58,24044,101277,101757,0
9205850,48:27:E2:3B:30:58,26207,109239,109933,0
10250757,48:27:E2:3B:30:58,28517,118984,119836,0
11289431,48:27:E2:3B:30:58,31116,134489,135341,0
12347782,48:27:E2:3B:30:58,35355,147418,148390,0
13350819,48:27:E2:3B:30:58,37359,160655,161627,0
14351558,48:27:E2:3B:30:58,39853,170436,171408,0
15352354,48:27:E2:3B:30:58,43801,184416,185602,0
16354233,48:27:E2:3B:30:58,46637,196060,197404,0
17393906,48:27:E2:3B:30:58,49144,207494,208838,0
18459156,48:27:E2:3B:30:58,53213,218405,219989,0
19482345,48:27:E2:3B:30:58,55176,233617,235201,0
20535670,48:27:E2:3B:30:58,57774,242765,244777,0
21555798,48:27:E2:3B:30:58,61343,258040,260052,0
22648026,48:27:E2:3B:30:58,63780,264938,266950,0
23669160,48:27:E2:3B:30:58,67331,279391,281523,0
24674350,48:27:E2:3B:30:58,69611,289180,291312,0
25817466,48:27:E2:3B:30:58,73349,299678,301810,0
26819693,48:27:E2:3B:30:58,75518,311283,313415,0
27825646,48:27:E2:3B:30:58,79643,325459,327591,0
28921170,48:27:E2:3B:30:58,81816,336569,338968,0
29950252,48:27:E2:3B:30:58,84506,349572,352110,0
31031377,48:27:E2:3B:30:58,87714,359392,361930,0
32033786,48:27:E2:3B:30:58,91359,372159,375350,0
33186801,48:27:E2:3B:30:58,93366,379888,383079,0
34302689,48:27:E2:3B:30:58,97174,394022,397453,0
35302948,48:27:E2:3B:30:58,99080,401445,405156,0
36395740,48:27:E2:3B:30:58,102943,415445,419156,0
37405971,48:27:E2:3B:30:58,104680,427182,431321,0
38497967,48:27:E2:3B:30:58,108703,437125,441264,0
39539668,48:27:E2:3B:30:58,110536,449703,453962,0
40544281,48:27:E2:3B:30:58,114266,459524,463903,0
41544898,48:27:E2:3B:30:58,116324,468384,472883,0
42561809,48:27:E2:3B:30:58,120099,484373,488872,0
43798560,48:27:E2:3B:30:58,122279,491723,496436,0
