time_us,node_id,target_id,traffic_generator,data_sent,packets_sent,reports_sent,natives_sent,coded_sent,data_received,packets_received,reports_received,natives_received,decoded_received,coded_received,cache_hits,cache_misses
1029276,B,A,None,4231,11,3,0,8,4371,15,5,10,0,0,0,0
2031247,B,C,None,8462,20,4,0,16,9814,26,9,17,0,0,0,0
3267323,B,A,None,11832,32,8,0,24,14703,40,14,26,0,0,0,0
4273694,B,A,None,18991,40,11,0,29,20356,47,17,30,0,0,0,0
5413165,B,A,None,21872,44,12,0,32,23414,53,19,34,0,0,0,0
6421275,B,C,None,27907,51,13,0,38,29194,62,23,39,0,0,0,0
7429503,B,A,None,30835,58,16,0,42,32115,70,27,43,0,0,0,0
8444089,B,C,None,36361,67,18,0,49,37734,82,32,50,0,0,0,0
9726569,B,A,None,39204,72,20,0,52,40802,90,36,54,0,0,0,0
10759638,B,C,None,45609,86,22,0,64,45730,106,40,66,0,0,0,0
11865476,B,A,None,48702,97,25,0,72,50162,118,45,73,0,0,0,0
12995633,B,C,None,53363,106,27,0,79,54718,131,51,80,0,0,0,0
14093212,B,A,None,57609,116,31,0,85,59015,140,54,86,0,0,0,0
15382219,B,C,None,61825,125,33,0,92,63353,154,60,94,0,0,0,0
16444430,B,C,None,68005,139,35,0,104,69429,171,66,105,0,0,0,0
17550820,B,C,None,71551,152,37,0,115,72981,186,70,116,0,0,0,0
18569513,B,C,None,75886,163,41,0,122,77468,198,74,124,0,0,0,0
19574997,B,A,None,80526,171,43,0,128,80664,209,79,130,0,0,0,0
20593627,B,A,None,83677,181,46,0,135,85005,222,86,136,0,0,0,0
21618946,B,A,None,87565,186,47,0,139,89005,231,90,141,0,0,0,0
22669740,B,A,None,92077,196,50,0,146,93322,241,94,147,0,0,0,0
23740681,B,A,None,96091,201,51,0,150,97643,249,97,152,0,0,0,0
24790872,B,C,None,100971,211,53,0,158,102470,262,103,159,0,0,0,0
25853185,B,C,None,103960,218,56,0,162,106600,272,108,164,0,0,0,0
26982822,B,A,None,108332,228,59,0,169,109836,283,112,171,0,0,0,0
27995660,B,A,None,114256,238,60,0,178,114326,296,117,179,0,0,0,0
29026305,B,A,None,117518,247,62,0,185,118755,308,122,186,0,0,0,0
30053865,B,A,None,121522,254,64,0,190,123070,317,125,192,0,0,0,0
31099198,B,C,None,125879,263,66,0,197,127194,329,131,198,0,0,0,0
32245341,B,C,None,129870,270,68,0,202,132524,339,135,204,0,0,0,0
33426738,B,A,None,134122,278,70,0,208,135470,349,139,210,0,0,0,0
34542929,B,C,None,139666,286,71,0,215,141074,360,144,216,0,0,0,0
35556327,B,A,None,142494,292,73,0,219,145038,368,147,221,0,0,0,0
36636024,B,C,None,147934,298,75,0,223,149320,377,153,224,0,0,0,0
37721116,B,C,None,151915,305,77,0,228,153435,386,156,230,0,0,0,0
38738647,B,C,None,156230,310,78,0,232,157648,394,161,233,0,0,0,0
39828975,B,A,None,160224,316,81,0,235,161544,402,166,236,0,0,0,0
41033458,B,A,None,164269,322,84,0,238,167363,410,170,240,0,0,0,0
42045017,B,C,None,170251,328,85,0,243,171723,420,176,244,0,0,0,0
43251210,B,A,None,173248,334,87,0,247,174662,429,180,249,0,0,0,0
44257280,B,A,None,178991,341,88,0,253,180420,438,184,254,0,0,0,0
