time_us,node_id,target_id,traffic_generator,data_sent,packets_sent,reports_sent,natives_sent,coded_sent,data_received,packets_received,reports_received,natives_received,decoded_received,coded_received,cache_hits,cache_misses
1002121,A,B,Random(2000),1530,4,1,3,0,1628,10,4,0,6,0,0,0
2124056,A,C,Random(2000),5413,11,3,8,0,6042,22,7,0,15,0,0,0
3134787,A,B,Random(2000),7242,20,5,15,0,15175,47,11,0,36,0,0,0
4175432,A,C,Random(2000),10113,24,7,17,0,19547,56,16,0,40,0,0,0
5204849,A,B,Random(2000),12998,26,7,19,0,25287,66,21,0,45,0,0,0
6280928,A,B,Random(2000),14682,30,9,21,0,32682,75,25,0,50,0,0,0
7357306,A,C,Random(2000),17481,34,11,23,0,37189,83,28,0,55,0,0,0
8368176,A,B,Random(2000),18855,39,15,24,0,48703,103,32,0,71,0,0,0
9410493,A,C,Random(2000),20227,43,17,26,0,51384,111,38,0,73,0,0,0
10425945,A,C,Random(2000),23141,48,18,30,0,56194,126,42,0,84,0,0,0
11432153,A,B,Random(2000),24759,54,20,34,0,62917,143,45,0,98,0,0,0
12469148,A,B,Random(2000),27529,60,24,36,0,71685,160,49,0,111,0,0,0
13489152,A,B,Random(2000),29164,66,25,41,0,76518,176,55,0,121,0,0,0
14517943,A,B,Random(2000),30500,69,27,42,0,80849,189,60,0,129,0,0,0
15837917,A,B,Random(2000),33161,76,31,45,0,89568,206,64,0,142,0,0,0
16902726,A,C,Random(2000),36068,84,35,49,0,97301,226,67,0,159,0,0,0
18053360,A,B,Random(2000),37949,92,36,56,0,102584,246,71,0,175,0,0,0
19137223,A,C,Random(2000),41047,99,37,62,0,107170,264,77,0,187,0,0,0
20141808,A,B,Random(2000),42782,106,38,68,0,115019,280,81,0,199,0,0,0
21229820,A,B,Random(2000),44110,110,41,69,0,120948,293,85,0,208,0,0,0
22370365,A,B,Random(2000),46892,117,43,74,0,127846,308,89,0,219,0,0,0
23500815,A,C,Random(2000),49564,120,43,77,0,132106,318,94,0,224,0,0,0
24552875,A,B,Random(2000),51264,126,46,80,0,137997,331,99,0,232,0,0,0
25566306,A,B,Random(2000),52912,131,48,83,0,144367,342,102,0,240,0,0,0
26568332,A,C,Random(2000),54444,137,50,87,0,149885,353,107,0,246,0,0,0
27594234,A,B,Random(2000),57582,143,50,93,0,153538,371,112,0,259,0,0,0
28617162,A,C,Random(2000),59031,148,54,94,0,160846,384,114,0,270,0,0,0
29654353,A,B,Random(2000),60602,153,57,96,0,166798,398,119,0,279,0,0,0
30673949,A,C,Random(2000),63562,159,58,101,0,172792,414,122,0,292,0,0,0
31690815,A,B,Random(2000),64811,162,60,102,0,178120,425,128,0,297,0,0,0
32699853,A,B,Random(2000),67397,168,62,106,0,184773,436,131,0,305,0,0,0
33843696,A,C,Random(2000),68931,173,63,110,0,187827,447,135,0,312,0,0,0
34997973,A,B,Random(2000),71721,178,64,114,0,194755,460,139,0,321,0,0,0
36008098,A,B,Random(2000),74362,182,65,117,0,198877,470,143,0,327,0,0,0
37088967,A,B,Random(2000),75808,185,67,118,0,205767,481,149,0,332,0,0,0
38176583,A,B,Random(2000),78626,190,68,122,0,212633,493,153,0,340,0,0,0
39189381,A,B,Random(2000),79905,193,70,123,0,217007,501,157,0,344,0,0,0
40248485,A,C,Random(2000),82548,197,72,125,0,223739,511,162,0,349,0,0,0
41450345,A,C,Random(2000),85575,200,73,127,0,229266,522,169,0,353,0,0,0
42470191,A,B,Random(2000),86984,204,76,128,0,238276,532,171,0,361,0,0,0
43671160,A,C,Random(2000),88566,209,77,132,0,242745,542,176,0,366,0,0,0
