time_us,own_mac,data_sent,data_received,data_sniffed,rx_failures,tx_failures
1009385,48:27:E2:3B:31:04,10145,19967,19967,0
2043556,48:27:E2:3B:31:04,24829,46137,46137,0
3080484,48:27:E2:3B:31:04,35173,66629,66629,0
4088804,48:27:E2:3B:31:04,45626,86367,86861,0
5111883,48:27:E2:3B:31:04,54602,103540,104034,0
6112513,48:27:E2:3B:31:04,66280,124083,124725,0
7119226,48:27:E2:3B:31:04,76195,144271,144913,0
8119549,48:27:E2:3B:31:04,88425,165675,166317,0
9197583,48:27:E2:3B:31:04,100037,188868,189938,0
10200019,48:27:E2:3B:31:04,108084,212580,213966,0
11204709,48:27:E2:3B:31:04,124009,238851,240357,0
12209143,48:27:E2:3B:31:04,138886,263531,265037,0
13215145,48:27:E2:3B:31:04,148899,284834,286340,0
14332536,48:27:E2:3B:31:04,156761,308490,309996,0
15350379,48:27:E2:3B:31:04,168503,330223,331729,0
16370874,48:27:E2:3B:31:04,176385,350507,352013,0
17372472,48:27:E2:3B:31:04,186143,371589,373215,0
18374235,48:27:E2:3B:31:04,194859,396787,398413,0
19411337,48:27:E2:3B:31:04,206306,410932,412558,0
20414236,48:27:E2:3B:31:04,214382,432535,434161,0
21450763,48:27:E2:3B:31:04,222051,457809,459435,0
22454048,48:27:E2:3B:31:04,233608,480274,482140,0
23481946,48:27:E2:3B:31:04,242903,498970,500976,0
24524678,48:27:E2:3B:31:04,254015,516844,518850,0
25530271,48:27:E2:3B:31:04,263622,538746,541027,0
26530922,48:27:E2:3B:31:04,275143,562572,564853,0
27536166,48:27:E2:3B:31:04,282882,581034,583435,0
28537917,48:27:E2:3B:31:04,294675,606662,609063,0
29543694,48:27:E2:3B:31:04,303640,625471,627872,0
30565287,48:27:E2:3B:31:04,317347,646171,648572,0
31566382,48:27:E2:3B:31:04,329955,669647,672505,0
32586134,48:27:E2:3B:31:04,344558,687187,690045,0
33588535,48:27:E2:3B:31:04,354671,703421,706419,0
34648391,48:27:E2:3B:31:04,363816,717195,720193,0
35650408,48:27:E2:3B:31:04,375664,732231,735229,0
36749783,48:27:E2:3B:31:04,385571,746473,749471,0
37789179,48:27:E2:3B:31:04,393617,762164,765590,0
38925322,48:27:E2:3B:31:04,405189,777987,781653,0
39927026,48:27:E2:3B:31:04,416356,793637,797303,0
40969431,48:27:E2:3B:31:04,423542,806782,810448,0
41980265,48:27:E2:3B:31:04,431734,822312,825978,0
43030749,48:27:E2:3B:31:04,441660,844925,848591,0
44047941,48:27:E2:3B:31:04,449673,859098,862904,0
45049199,48:27:E2:3B:31:04,457411,878339,882265,0
46110127,48:27:E2:3B:31:04,468896,893683,897609,0
47113464,48:27:E2:3B:31:04,478690,911231,915277,0
48156866,48:27:E2:3B:31:04,488733,931189,935235,0
49165085,48:27:E2:3B:31:04,494981,955068,959564,0
50165541,48:27:E2:3B:31:04,506900,979430,983926,0
51166427,48:27:E2:3B:31:04,513287,1001323,1005819,0
52237879,48:27:E2:3B:31:04,524939,1025916,1030532,0
53269106,48:27:E2:3B:31:04,536637,1045471,1050207,0
54269500,48:27:E2:3B:31:04,546546,1065855,1071225,0
55271896,48:27:E2:3B:31:04,554146,1089716,1095282,0
56307213,48:27:E2:3B:31:04,563355,1109618,1115184,0
57334345,48:27:E2:3B:31:04,578385,1128287,1133853,0
58335810,48:27:E2:3B:31:04,585246,1142864,1148550,0
59395561,48:27:E2:3B:31:04,596583,1157057,1162743,0
