time_us,node_id,target_id,traffic_generator,data_sent,packets_sent,reports_sent,natives_sent,coded_sent,data_received,packets_received,reports_received,natives_received,decoded_received,coded_received,cache_hits,cache_misses
1034246,B,A,None,7730,10,1,0,9,10816,21,4,17,0,0,0,0
2045751,B,C,None,18660,28,1,0,27,26130,48,7,41,0,0,0,0
3056484,B,C,None,26211,43,3,0,40,36850,72,13,59,0,0,0,0
4064737,B,A,None,33812,57,4,0,53,47201,96,20,76,0,0,0,0
5087857,B,C,None,40124,72,6,0,66,57872,121,27,94,0,0,0,0
6089294,B,A,None,48985,84,9,0,75,65634,141,32,109,0,0,0,0
7124084,B,A,None,56633,92,9,0,83,77389,160,38,122,0,0,0,0
8140998,B,C,None,67027,107,10,0,97,90728,183,42,141,0,0,0,0
9175115,B,A,None,74805,116,10,0,106,101163,201,47,154,0,0,0,0
10176534,B,C,None,80832,125,13,0,112,112867,217,52,165,0,0,0,0
11194218,B,C,None,94084,136,14,0,122,126238,235,55,180,0,0,0,0
12194539,B,C,None,104860,149,15,0,134,142892,260,59,201,0,0,0,0
13199488,B,C,None,112380,160,15,0,145,153087,280,64,216,0,0,0,0
14308240,B,C,None,118260,169,17,0,152,165763,297,71,226,0,0,0,0
15326020,B,A,None,126983,183,18,0,165,176322,323,78,245,0,0,0,0
16346603,B,C,None,132880,191,18,0,173,186258,341,84,257,0,0,0,0
17369348,B,A,None,140143,203,21,0,182,195181,362,91,271,0,0,0,0
18389947,B,A,None,147937,216,22,0,194,207318,387,97,290,0,0,0,0
19407847,B,C,None,155079,226,24,0,202,216031,406,104,302,0,0,0,0
20470759,B,C,None,160900,237,26,0,211,227543,428,110,318,0,0,0,0
21474417,B,A,None,167968,246,28,0,218,236126,442,115,327,0,0,0,0
22490522,B,C,None,176698,259,29,0,230,249099,464,120,344,0,0,0,0
23517785,B,A,None,183946,267,30,0,237,257759,481,127,354,0,0,0,0
24580050,B,C,None,190929,277,32,0,245,267746,502,134,368,0,0,0,0
25586944,B,A,None,199762,287,33,0,254,280820,520,139,381,0,0,0,0
26595537,B,C,None,208273,298,33,0,265,290852,543,146,397,0,0,0,0
27596844,B,A,None,214086,308,34,0,274,299466,564,153,411,0,0,0,0
28608818,B,C,None,221566,319,34,0,285,310898,586,158,428,0,0,0,0
29661081,B,C,None,230027,329,35,0,294,323583,607,164,443,0,0,0,0
30671731,B,C,None,240222,346,35,0,311,336943,635,167,468,0,0,0,0
31673124,B,A,None,249589,368,35,0,333,347666,666,170,496,0,0,0,0
32674066,B,A,None,258527,382,36,0,346,361185,690,175,515,0,0,0,0
33753432,B,A,None,267355,393,37,0,356,372599,713,181,532,0,0,0,0
34898062,B,A,None,274763,401,39,0,362,384227,732,189,543,0,0,0,0
35899199,B,A,None,283589,417,41,0,376,393423,760,196,564,0,0,0,0
36984138,B,C,None,290740,429,44,0,385,403681,781,203,578,0,0,0,0
38018902,B,A,None,296941,437,45,0,392,414773,798,209,589,0,0,0,0
39044685,B,C,None,307113,449,48,0,401,425283,819,216,603,0,0,0,0
40068507,B,C,None,312938,457,50,0,407,435111,837,223,614,0,0,0,0
41141635,B,C,None,319509,469,53,0,416,445938,858,230,628,0,0,0,0
42200008,B,A,None,325543,478,54,0,424,457494,877,237,640,0,0,0,0
43219141,B,C,None,332926,493,55,0,438,467782,904,244,660,0,0,0,0
44263272,B,C,None,338718,500,57,0,443,477711,920,252,668,0,0,0,0
45276332,B,C,None,346034,512,59,0,453,487776,942,258,684,0,0,0,0
46368033,B,A,None,353169,521,61,0,460,498009,961,266,695,0,0,0,0
47390268,B,A,None,362073,532,65,0,467,508410,980,273,707,0,0,0,0
48492835,B,A,None,368283,543,66,0,477,518798,1001,279,722,0,0,0,0
49632260,B,A,None,374352,554,70,0,484,528893,1021,287,734,0,0,0,0
50637829,B,C,None,383414,568,72,0,496,542145,1045,292,753,0,0,0,0
51665758,B,A,None,387869,575,75,0,500,550598,1059,299,760,0,0,0,0
52698934,B,A,None,397976,589,76,0,513,565144,1084,303,781,0,0,0,0
53712580,B,C,None,405433,598,77,0,521,574274,1105,310,795,0,0,0,0
54735542,B,A,None,412802,609,78,0,531,585574,1127,317,810,0,0,0,0
55755117,B,C,None,418327,616,80,0,536,592733,1142,324,818,0,0,0,0
56772350,B,A,None,428136,633,81,0,552,605401,1168,328,840,0,0,0,0
57797872,B,C,None,436850,642,83,0,559,616765,1187,335,852,0,0,0,0
58836730,B,C,None,444238,658,85,0,573,625757,1213,342,871,0,0,0,0
59952272,B,C,None,452734,669,88,0,581,637070,1234,350,884,0,0,0,0
