time_us,own_mac,data_sent,data_received,data_sniffed,rx_failures,tx_failures
1000901,48:27:E2:3B:33:44,4141,5444,5444,4
2008641,48:27:E2:3B:33:44,14112,30514,30514,4
3020619,48:27:E2:3B:33:44,25207,59222,59222,4
4030696,48:27:E2:3B:33:44,32296,81949,81949,4
5034158,48:27:E2:3B:33:44,40539,99628,99628,4
6035723,48:27:E2:3B:33:44,47115,120409,120409,4
7110413,48:27:E2:3B:33:44,55396,145109,145109,4
8120488,48:27:E2:3B:33:44,63545,168751,168751,4
9131520,48:27:E2:3B:33:44,71048,196670,196670,4
10133298,48:27:E2:3B:33:44,78477,218814,218814,4
11142485,48:27:E2:3B:33:44,86781,240666,240666,4
12163106,48:27:E2:3B:33:44,99802,275101,275101,4
13164465,48:27:E2:3B:33:44,110779,301791,301791,4
14167931,48:27:E2:3B:33:44,118198,325968,325968,4
15183092,48:27:E2:3B:33:44,125468,343248,343248,4
16186832,48:27:E2:3B:33:44,131767,370043,370043,4
17200473,48:27:E2:3B:33:44,139016,391932,391932,4
18228562,48:27:E2:3B:33:44,145086,417897,417897,4
19240907,48:27:E2:3B:33:44,152988,442168,442168,4
20244536,48:27:E2:3B:33:44,159071,458765,458765,4
21245227,48:27:E2:3B:33:44,166557,486212,486212,4
22256560,48:27:E2:3B:33:44,172417,508807,508807,4
23272568,48:27:E2:3B:33:44,183768,534428,534428,4
24286933,48:27:E2:3B:33:44,189425,555008,555008,4
25370478,48:27:E2:3B:33:44,197458,575126,575126,4
26370971,48:27:E2:3B:33:44,205044,600633,600633,4
27404028,48:27:E2:3B:33:44,212809,629652,629652,4
28405413,48:27:E2:3B:33:44,218713,650831,650831,4
29436204,48:27:E2:3B:33:44,227052,679228,679228,4
30481908,48:27:E2:3B:33:44,234502,705410,705410,4
31482710,48:27:E2:3B:33:44,244901,726197,726197,4
32505798,48:27:E2:3B:33:44,254505,748455,748455,4
33512566,48:27:E2:3B:33:44,264455,769834,769834,4
34537472,48:27:E2:3B:33:44,272206,789976,789976,4
35559124,48:27:E2:3B:33:44,278428,801797,801797,4
36560312,48:27:E2:3B:33:44,287198,822220,822220,4
37560956,48:27:E2:3B:33:44,293036,838030,838030,4
38582842,48:27:E2:3B:33:44,299309,855294,855294,4
39583600,48:27:E2:3B:33:44,307035,873033,873033,4
40644984,48:27:E2:3B:33:44,312814,890784,890784,4
41686020,48:27:E2:3B:33:44,320269,907549,907549,4
42715427,48:27:E2:3B:33:44,326469,927339,927339,4
43726713,48:27:E2:3B:33:44,334118,949778,949778,4
44748987,48:27:E2:3B:33:44,339874,966577,966577,4
45764837,48:27:E2:3B:33:44,347085,986791,986791,4
46765794,48:27:E2:3B:33:44,354372,1006703,1006703,4
47778760,48:27:E2:3B:33:44,360266,1024329,1024329,4
48779315,48:27:E2:3B:33:44,366624,1046891,1046891,4
49806924,48:27:E2:3B:33:44,374154,1072339,1072339,4
50807773,48:27:E2:3B:33:44,381593,1099115,1099115,4
51849568,48:27:E2:3B:33:44,389536,1122509,1122509,4
52850266,48:27:E2:3B:33:44,397610,1145862,1145862,4
53852204,48:27:E2:3B:33:44,403781,1170592,1170592,4
54876424,48:27:E2:3B:33:44,411495,1194826,1194826,4
55881098,48:27:E2:3B:33:44,418387,1219115,1219115,4
56888863,48:27:E2:3B:33:44,425983,1240729,1240729,4
57938802,48:27:E2:3B:33:44,432939,1266020,1266020,4
58941482,48:27:E2:3B:33:44,440814,1282975,1282975,4
59946583,48:27:E2:3B:33:44,446787,1298903,1298903,4
