time_us,node_id,target_id,traffic_generator,data_sent,packets_sent,reports_sent,natives_sent,coded_sent,data_received,packets_received,reports_received,natives_received,decoded_received,coded_received,cache_hits,cache_misses
1031400,A,C,Random(5000),3206,6,1,5,0,1790,9,3,0,6,0,0,0
2075546,A,C,Random(5000),12372,17,2,15,0,12766,25,3,0,21,1,0,0
3081890,A,B,Random(5000),20342,33,4,29,0,24950,43,4,0,38,1,0,0
4185249,A,B,Random(5000),25385,51,7,44,0,31446,64,6,0,57,1,0,0
5254780,A,C,Random(5000),31375,65,11,54,0,40768,83,7,0,74,2,0,0
6274545,A,C,Random(5000),36416,76,13,63,0,45845,101,10,0,88,3,0,0
7281052,A,B,Random(5000),42323,85,15,70,0,62217,118,11,0,102,5,0,0
8344051,A,C,Random(5000),49867,100,17,83,0,70053,133,12,0,114,7,0,0
9382269,A,C,Random(5000),54329,109,20,89,0,83681,151,12,0,130,9,0,0
10383452,A,B,Random(5000),60110,116,23,93,0,94091,164,15,0,137,12,0,0
11423450,A,B,Random(5000),68856,125,24,101,0,106079,178,16,0,149,13,0,0
12451785,A,B,Random(5000),76841,137,26,111,0,118624,193,16,0,161,16,0,0
13491950,A,B,Random(5000),85321,145,28,117,0,129595,209,17,0,176,16,0,0
14589653,A,B,Random(5000),92337,153,31,122,0,141205,228,19,0,192,17,0,0
15614216,A,C,Random(5000),96877,164,35,129,0,154133,243,20,0,203,20,0,0
16725907,A,C,Random(5000),102614,176,39,137,0,164518,263,20,0,222,21,0,0
17745647,A,B,Random(5000),108105,185,42,143,0,178986,283,22,0,236,25,0,0
18784108,A,C,Random(5000),112621,197,46,151,0,189938,297,24,0,245,28,0,0
19784578,A,C,Random(5000),118501,209,49,160,0,196409,314,26,0,259,29,0,0
20851411,A,C,Random(5000),124189,218,52,166,0,204045,330,27,0,272,31,0,0
21921400,A,C,Random(5000),128490,225,56,169,0,221416,349,30,0,283,36,0,0
22937463,A,C,Random(5000),135910,240,58,182,0,231670,367,31,0,298,38,0,0
23969646,A,C,Random(5000),141435,249,61,188,0,243450,382,32,0,311,39,0,0
24971082,A,C,Random(5000),147436,262,64,198,0,249284,393,34,0,320,39,0,0
25995065,A,C,Random(5000),153057,269,67,202,0,261911,406,34,0,332,40,0,0
27014444,A,B,Random(5000),157888,279,70,209,0,274872,430,35,0,353,42,0,0
28065144,A,C,Random(5000),163134,288,74,214,0,284977,446,36,0,366,44,0,0
29074526,A,C,Random(5000),169214,301,77,224,0,297211,466,36,0,382,48,0,0
30079626,A,C,Random(5000),175024,313,80,233,0,305625,478,37,0,390,51,0,0
31108497,A,C,Random(5000),182509,331,81,250,0,313200,496,37,0,407,52,0,0
32114781,A,C,Random(5000),188681,346,83,263,0,321255,514,37,0,425,52,0,0
33179675,A,B,Random(5000),195347,367,85,282,0,330583,536,38,0,446,52,0,0
34302019,A,C,Random(5000),202334,380,89,291,0,339411,548,40,0,456,52,0,0
35446422,A,C,Random(5000),208383,390,93,297,0,346897,558,43,0,463,52,0,0
36448435,A,B,Random(5000),212973,407,96,311,0,355800,575,45,0,478,52,0,0
37616275,A,B,Random(5000),218984,418,99,319,0,364461,588,48,0,488,52,0,0
38779317,A,C,Random(5000),224764,430,104,326,0,370552,597,50,0,495,52,0,0
39815301,A,C,Random(5000),231036,442,107,335,0,379324,610,55,0,503,52,0,0
40886055,A,C,Random(5000),235326,450,111,339,0,386803,622,59,0,510,53,0,0
42047769,A,B,Random(5000),241121,458,114,344,0,396251,640,63,0,523,54,0,0
43081060,A,B,Random(5000),246939,468,118,350,0,407895,655,66,0,532,57,0,0
44098130,A,C,Random(5000),251259,478,122,356,0,413996,668,66,0,545,57,0,0
45147544,A,B,Random(5000),256930,486,125,361,0,421265,681,72,0,552,57,0,0
46150811,A,B,Random(5000),262412,496,129,367,0,432562,697,73,0,566,58,0,0
47215449,A,C,Random(5000),266630,505,133,372,0,438642,709,77,0,573,59,0,0
48222410,A,B,Random(5000),272889,514,136,378,0,449377,722,80,0,581,61,0,0
49319189,A,C,Random(5000),277003,522,140,382,0,460201,742,82,0,596,64,0,0
50325039,A,B,Random(5000),283071,531,143,388,0,473775,762,86,0,609,67,0,0
51351830,A,B,Random(5000),288928,542,145,397,0,487666,782,87,0,626,69,0,0
52373830,A,B,Random(5000),294760,551,148,403,0,496798,799,91,0,635,73,0,0
53377529,A,B,Random(5000),300650,560,150,410,0,508507,817,92,0,650,75,0,0
54421802,A,C,Random(5000),305281,572,154,418,0,519261,834,92,0,664,78,0,0
55444518,A,B,Random(5000),310641,580,157,423,0,532307,850,93,0,675,82,0,0
56452875,A,B,Random(5000),316270,588,160,428,0,542471,865,95,0,687,83,0,0
57464567,A,B,Random(5000),322152,604,162,442,0,555011,889,97,0,708,84,0,0
58472772,A,C,Random(5000),326560,614,166,448,0,560953,899,101,0,713,85,0,0
59473477,A,C,Random(5000),332546,629,169,460,0,568475,918,104,0,728,86,0,0
