time_us,own_mac,data_sent,data_received,data_sniffed,rx_failures,tx_failures
1001967,48:27:E2:3B:30:58,7855,26316,26316,0
2004189,48:27:E2:3B:30:58,17395,56511,56511,0
3009141,48:27:E2:3B:30:58,23341,79173,79387,0
4017962,48:27:E2:3B:30:58,30600,102173,102667,0
5024694,48:27:E2:3B:30:58,36821,121682,122176,0
6026702,48:27:E2:3B:30:58,44416,147331,147973,0
7031818,48:27:E2:3B:30:58,50854,171021,171663,0
8034943,48:27:E2:3B:30:58,58388,197377,198019,0
9111236,48:27:E2:3B:30:58,67885,222818,223460,0
10112592,48:27:E2:3B:30:58,73729,248765,249723,0
11114776,48:27:E2:3B:30:58,81147,283069,284267,0
12116424,48:27:E2:3B:30:58,90885,312583,313781,0
13120385,48:27:E2:3B:30:58,98107,337041,338239,0
14123612,48:27:E2:3B:30:58,105646,361085,362283,0
15165660,48:27:E2:3B:30:58,111779,384127,385967,0
16169958,48:27:E2:3B:30:58,119580,406757,408597,0
17241172,48:27:E2:3B:30:58,126274,432301,434141,0
18257613,48:27:E2:3B:30:58,133148,457314,459154,0
19323966,48:27:E2:3B:30:58,140444,478825,480665,0
20324147,48:27:E2:3B:30:58,148353,500435,502703,0
21363936,48:27:E2:3B:30:58,153955,528105,530373,0
22367217,48:27:E2:3B:30:58,161257,555186,557694,0
23394188,48:27:E2:3B:30:58,167334,577136,579784,0
24438590,48:27:E2:3B:30:58,174509,598835,601483,0
25443384,48:27:E2:3B:30:58,182439,622430,625353,0
26444221,48:27:E2:3B:30:58,189897,650949,653872,0
27449128,48:27:E2:3B:30:58,196038,671131,674294,0
28451614,48:27:E2:3B:30:58,205115,699804,702967,0
29453826,48:27:E2:3B:30:58,212040,720677,723840,0
30478785,48:27:E2:3B:30:58,219750,747759,750922,0
31480061,48:27:E2:3B:30:58,230893,772431,776265,0
32499032,48:27:E2:3B:30:58,238272,797319,801153,0
33502010,48:27:E2:3B:30:58,244909,817366,821636,0
34561776,48:27:E2:3B:30:58,252129,833085,837355,0
35562296,48:27:E2:3B:30:58,260083,852479,856900,0
36605886,48:27:E2:3B:30:58,265820,870450,875085,0
37627325,48:27:E2:3B:30:58,272922,885505,890782,0
38628021,48:27:E2:3B:30:58,281593,900414,906089,0
39711982,48:27:E2:3B:30:58,287750,921679,927354,0
40713312,48:27:E2:3B:30:58,294056,937791,943466,0
41724448,48:27:E2:3B:30:58,301998,954294,959969,0
42726008,48:27:E2:3B:30:58,308121,977364,983039,0
43739396,48:27:E2:3B:30:58,316035,993832,999507,0
44740707,48:27:E2:3B:30:58,321809,1011573,1017488,0
45741171,48:27:E2:3B:30:58,328590,1033065,1038980,0
46745455,48:27:E2:3B:30:58,335845,1051754,1057789,0
47780727,48:27:E2:3B:30:58,341891,1075079,1081114,0
48781160,48:27:E2:3B:30:58,350079,1095163,1101198,0
49782511,48:27:E2:3B:30:58,358016,1122200,1128235,0
50784485,48:27:E2:3B:30:58,363991,1147937,1153972,0
51796069,48:27:E2:3B:30:58,371375,1170348,1176383,0
52797107,48:27:E2:3B:30:58,380132,1195304,1201579,0
53812173,48:27:E2:3B:30:58,387093,1217959,1224588,0
54813918,48:27:E2:3B:30:58,392997,1243322,1249951,0
55818378,48:27:E2:3B:30:58,400560,1266088,1272717,0
56828910,48:27:E2:3B:30:58,408446,1292073,1298702,0
57863252,48:27:E2:3B:30:58,415392,1308129,1314878,0
58863653,48:27:E2:3B:30:58,423029,1327807,1334556,0
59890717,48:27:E2:3B:30:58,428854,1345589,1352766,0
60954566,48:27:E2:3B:30:58,436310,1362104,1369281,0
