time_us,node_id,target_id,traffic_generator,data_sent,packets_sent,reports_sent,natives_sent,coded_sent,data_received,packets_received,reports_received,natives_received,decoded_received,coded_received,cache_hits,cache_misses
1038086,C,B,Random(5000),5907,11,3,8,0,12047,16,2,0,13,1,0,0
2070152,C,B,Random(5000),13155,23,5,18,0,24816,38,2,0,34,2,0,0
3073597,C,B,Random(5000),18981,33,8,25,0,33998,58,4,0,51,3,0,0
4080684,C,A,Random(5000),23111,40,12,28,0,42012,77,5,0,65,7,0,0
5196597,C,B,Random(5000),29045,52,15,37,0,50112,97,7,0,82,8,0,0
6222688,C,A,Random(5000),33620,65,19,46,0,62066,116,10,0,97,9,0,0
7373381,C,B,Random(5000),39522,73,21,52,0,74503,133,11,0,111,11,0,0
8385181,C,A,Random(5000),46781,85,24,61,0,86542,149,11,0,126,12,0,0
9436501,C,B,Random(5000),52463,92,25,67,0,98590,165,13,0,137,15,0,0
10439396,C,A,Random(5000),57157,103,28,75,0,107697,177,15,0,145,17,0,0
11544373,C,B,Random(5000),64866,114,30,84,0,125936,197,15,0,163,19,0,0
12757136,C,B,Random(5000),72143,127,33,94,0,140856,216,16,0,178,22,0,0
13915451,C,A,Random(5000),78116,141,37,104,0,154143,236,17,0,196,23,0,0
14994006,C,B,Random(5000),83800,151,40,111,0,167101,253,19,0,209,25,0,0
16049483,C,A,Random(5000),89736,163,43,120,0,177456,272,19,0,226,27,0,0
17069649,C,B,Random(5000),94452,175,46,129,0,190555,291,21,0,241,29,0,0
18087522,C,B,Random(5000),98997,184,49,135,0,202935,307,23,0,250,34,0,0
19113213,C,A,Random(5000),104965,197,53,144,0,209406,324,25,0,263,36,0,0
20204048,C,A,Random(5000),109392,209,57,152,0,220976,343,26,0,277,40,0,0
21296922,C,B,Random(5000),115010,217,58,159,0,239653,363,29,0,290,44,0,0
22312374,C,B,Random(5000),120624,225,61,164,0,250132,382,30,0,306,46,0,0
23368165,C,A,Random(5000),125155,233,65,168,0,260381,395,31,0,316,48,0,0
24431303,C,B,Random(5000),130611,242,68,174,0,268811,410,33,0,328,49,0,0
25455481,C,A,Random(5000),137846,254,71,183,0,279027,423,34,0,339,50,0,0
26506264,C,A,Random(5000),142002,266,75,191,0,294793,446,34,0,359,53,0,0
27510384,C,B,Random(5000),148026,280,78,202,0,304973,463,35,0,373,55,0,0
28514598,C,B,Random(5000),153343,288,79,209,0,321093,485,35,0,392,58,0,0
29569688,C,A,Random(5000),160218,298,83,215,0,331093,498,36,0,402,60,0,0
30580481,C,A,Random(5000),167384,309,85,224,0,341670,520,36,0,423,61,0,0
31596110,C,B,Random(5000),172988,318,86,232,0,351323,547,36,0,450,61,0,0
32641693,C,A,Random(5000),180248,330,89,241,0,360174,560,37,0,462,61,0,0
33725163,C,B,Random(5000),184717,339,91,248,0,370286,573,39,0,473,61,0,0
34854517,C,B,Random(5000),190296,348,95,253,0,376488,583,43,0,479,61,0,0
35876136,C,A,Random(5000),196382,362,99,263,0,385499,601,44,0,496,61,0,0
36895290,C,A,Random(5000),200387,370,103,267,0,392542,611,47,0,503,61,0,0
37934905,C,B,Random(5000),207099,377,105,272,0,398743,620,49,0,510,61,0,0
38963017,C,B,Random(5000),212787,387,109,278,0,408915,634,54,0,519,61,0,0
39979425,C,A,Random(5000),217055,397,113,284,0,414814,644,57,0,526,61,0,0
41042651,C,B,Random(5000),222106,409,116,293,0,422789,659,62,0,536,61,0,0
42069487,C,B,Random(5000),227751,419,119,300,0,431710,671,64,0,546,61,0,0
43072416,C,A,Random(5000),232221,433,123,310,0,441956,687,65,0,558,64,0,0
44085766,C,B,Random(5000),237924,442,126,316,0,447877,700,70,0,566,64,0,0
45099148,C,A,Random(5000),242262,453,130,323,0,457843,712,72,0,575,65,0,0
46099887,C,A,Random(5000),248519,467,133,334,0,465188,727,75,0,586,66,0,0
47155413,C,B,Random(5000),252780,474,136,338,0,474430,742,80,0,595,67,0,0
48168808,C,B,Random(5000),257428,487,139,348,0,487154,762,81,0,610,71,0,0
49276283,C,A,Random(5000),263122,497,143,354,0,498687,777,84,0,621,72,0,0
50305073,C,B,Random(5000),270577,509,145,364,0,514095,798,86,0,637,75,0,0
51306774,C,B,Random(5000),274785,518,149,369,0,524356,813,89,0,646,78,0,0
52356573,C,B,Random(5000),281911,531,151,380,0,536564,835,91,0,664,80,0,0
53376931,C,A,Random(5000),287603,541,155,386,0,545693,851,92,0,677,82,0,0
54494355,C,A,Random(5000),292170,552,159,393,0,560509,866,92,0,688,86,0,0
55557534,C,B,Random(5000),297942,564,162,402,0,573200,885,94,0,702,89,0,0
56680001,C,B,Random(5000),304728,576,165,411,0,585792,909,96,0,722,91,0,0
57716579,C,B,Random(5000),310405,585,169,416,0,594642,922,100,0,730,92,0,0
58747626,C,A,Random(5000),314606,596,173,423,0,602074,941,104,0,744,93,0,0
59864649,C,A,Random(5000),320259,607,177,430,0,610570,954,109,0,752,93,0,0
60930020,C,B,Random(5000),325832,618,180,438,0,616605,969,116,0,760,93,0,0
