time_us,own_mac,data_sent,data_received,data_sniffed,rx_failures,tx_failures
1000337,48:27:E2:3B:30:58,11462,43363,43603,0
2006132,48:27:E2:3B:30:58,27188,86338,86578,0
3009076,48:27:E2:3B:30:58,40193,140316,140556,0
4021610,48:27:E2:3B:30:58,54139,178198,178438,0
5030884,48:27:E2:3B:30:58,67172,219050,219290,0
6047616,48:27:E2:3B:30:58,80431,255564,256200,0
7058164,48:27:E2:3B:30:58,91989,288890,289526,0
8063080,48:27:E2:3B:30:58,107042,323544,324300,0
9065627,48:27:E2:3B:30:58,117869,353923,354893,0
10125233,48:27:E2:3B:30:58,130141,382822,384026,0
11125425,48:27:E2:3B:30:58,141405,407689,408893,0
12144512,48:27:E2:3B:30:58,153010,435946,437150,0
13146181,48:27:E2:3B:30:58,165520,476109,477313,0
14150840,48:27:E2:3B:30:58,175804,515544,516748,0
15153226,48:27:E2:3B:30:58,187329,549744,550948,0
16158990,48:27:E2:3B:30:58,200141,584290,585494,0
17161339,48:27:E2:3B:30:58,216513,617168,618372,0
18162275,48:27:E2:3B:30:58,232365,666130,667334,0
19163873,48:27:E2:3B:30:58,245503,703061,704505,0
20164097,48:27:E2:3B:30:58,256932,733457,735329,0
21189695,48:27:E2:3B:30:58,267941,762194,764066,0
22193135,48:27:E2:3B:30:58,280460,789945,792299,0
23279902,48:27:E2:3B:30:58,292082,819253,821765,0
24280709,48:27:E2:3B:30:58,305717,862105,864617,0
25291468,48:27:E2:3B:30:58,322360,899517,902149,0
26291725,48:27:E2:3B:30:58,334347,933631,936477,0
27316425,48:27:E2:3B:30:58,345123,973959,976805,0
28322466,48:27:E2:3B:30:58,357163,1013134,1015980,0
29322707,48:27:E2:3B:30:58,368895,1046504,1049350,0
30322870,48:27:E2:3B:30:58,381861,1086950,1089796,0
31326328,48:27:E2:3B:30:58,396058,1123236,1126296,0
32326655,48:27:E2:3B:30:58,408697,1160865,1163925,0
33349949,48:27:E2:3B:30:58,423188,1208757,1211817,0
34354678,48:27:E2:3B:30:58,439814,1250570,1253630,0
35355649,48:27:E2:3B:30:58,456133,1287629,1290809,0
36363072,48:27:E2:3B:30:58,472068,1332476,1335924,0
37366499,48:27:E2:3B:30:58,485102,1363863,1367739,0
38372562,48:27:E2:3B:30:58,501874,1402773,1406649,0
39374636,48:27:E2:3B:30:58,514174,1427894,1431770,0
40377332,48:27:E2:3B:30:58,525480,1461381,1465537,0
41381629,48:27:E2:3B:30:58,538147,1498425,1502701,0
42410056,48:27:E2:3B:30:58,549835,1538004,1542708,0
43412876,48:27:E2:3B:30:58,563400,1583400,1588104,0
44413514,48:27:E2:3B:30:58,576684,1619869,1624573,0
45416890,48:27:E2:3B:30:58,588974,1658913,1663617,0
46418220,48:27:E2:3B:30:58,601686,1690463,1695167,0
47420090,48:27:E2:3B:30:58,614783,1717776,1722600,0
48424169,48:27:E2:3B:30:58,628219,1754173,1759853,0
49425813,48:27:E2:3B:30:58,638670,1786644,1792464,0
50428139,48:27:E2:3B:30:58,649933,1812169,1818417,0
51429887,48:27:E2:3B:30:58,666663,1851849,1858097,0
52432471,48:27:E2:3B:30:58,684227,1890169,1896537,0
53432711,48:27:E2:3B:30:58,697293,1922377,1928745,0
54433130,48:27:E2:3B:30:58,708234,1953968,1960764,0
55437407,48:27:E2:3B:30:58,720036,1993603,2000639,0
56440121,48:27:E2:3B:30:58,731531,2027903,2034939,0
57450040,48:27:E2:3B:30:58,751741,2080334,2087370,0
58451314,48:27:E2:3B:30:58,770709,2137388,2144424,0
59482071,48:27:E2:3B:30:58,786314,2179604,2186854,0
60501930,48:27:E2:3B:30:58,800621,2207389,2214759,0
61505204,48:27:E2:3B:30:58,817517,2241050,2248420,0
