time_us,node_id,target_id,traffic_generator,data_sent,packets_sent,reports_sent,natives_sent,coded_sent,data_received,packets_received,reports_received,natives_received,decoded_received,coded_received,cache_hits,cache_misses
1016936,C,B,Random(9000),8844,11,0,11,0,19473,34,0,0,34,0,0,0
2046003,C,B,Random(9000),20840,29,0,29,0,37406,64,0,0,64,0,0,0
3058678,C,A,Random(9000),30852,45,0,45,0,61597,86,0,0,83,3,0,0
4059051,C,B,Random(9000),42806,59,0,59,0,79292,109,0,0,104,5,0,0
5059659,C,B,Random(9000),53184,71,0,71,0,97574,135,1,0,128,6,0,0
6065741,C,A,Random(9000),62410,88,0,88,0,111153,152,1,0,144,7,0,0
7081104,C,A,Random(9000),72506,101,0,101,0,126521,171,1,0,163,7,0,0
8092036,C,B,Random(9000),82715,113,0,113,0,142927,191,1,0,183,7,0,0
9096102,C,B,Random(9000),92875,124,0,124,0,155704,204,2,0,195,7,0,0
10099159,C,A,Random(9000),100595,137,0,137,0,167777,220,2,0,211,7,0,0
11106079,C,B,Random(9000),109501,146,0,146,0,178115,232,2,0,223,7,0,0
12174257,C,A,Random(9000),119755,160,0,160,0,189300,252,2,0,241,9,0,0
13235399,C,A,Random(9000),128100,174,0,174,0,209881,278,2,0,261,15,0,0
14238462,C,B,Random(9000),137571,183,0,183,0,232088,303,2,0,283,18,0,0
15238896,C,A,Random(9000),146432,193,0,193,0,247208,318,2,0,296,20,0,0
16338660,C,A,Random(9000),157802,205,0,205,0,261575,335,2,0,312,21,0,0
17394143,C,A,Random(9000),170981,221,0,221,0,276284,354,2,0,330,22,0,0
18397378,C,B,Random(9000),181945,237,0,237,0,298264,375,2,0,350,23,0,0
19405783,C,B,Random(9000),192269,251,0,251,0,315932,398,3,0,372,23,0,0
20441866,C,A,Random(9000),201384,265,0,265,0,329132,416,3,0,390,23,0,0
21477527,C,B,Random(9000),210655,282,0,282,0,341372,435,3,0,409,23,0,0
22500597,C,B,Random(9000),220196,291,0,291,0,354228,451,3,0,425,23,0,0
23501063,C,B,Random(9000),230060,306,0,306,0,367385,470,3,0,444,23,0,0
24514559,C,A,Random(9000),243363,329,0,329,0,382882,495,3,0,469,23,0,0
25537700,C,A,Random(9000),252358,346,0,346,0,402261,522,3,0,496,23,0,0
26570573,C,A,Random(9000),261025,361,0,361,0,420039,544,3,0,517,24,0,0
27575483,C,A,Random(9000),268636,378,0,378,0,437803,569,3,0,539,27,0,0
28588391,C,A,Random(9000),278927,389,0,389,0,453691,590,3,0,558,29,0,0
29598103,C,A,Random(9000),289291,402,0,402,0,473822,614,3,0,581,30,0,0
30625353,C,B,Random(9000),297995,411,0,411,0,492510,631,3,0,595,33,0,0
31629374,C,A,Random(9000),310399,426,0,426,0,509544,652,3,0,616,33,0,0
32631403,C,B,Random(9000),320242,435,0,435,0,523611,665,3,0,629,33,0,0
33636421,C,B,Random(9000),332975,452,0,452,0,543754,689,3,0,652,34,0,0
34670274,C,A,Random(9000),344503,464,0,464,0,562706,707,3,0,668,36,0,0
35673763,C,B,Random(9000),356039,479,0,479,0,579785,733,4,0,692,37,0,0
36687904,C,B,Random(9000),370155,494,0,494,0,597249,753,4,0,712,37,0,0
37690366,C,A,Random(9000),382382,508,0,508,0,612710,773,4,0,731,38,0,0
38734474,C,B,Random(9000),392939,522,0,522,0,626940,793,4,0,751,38,0,0
39746687,C,B,Random(9000),401843,534,0,534,0,638563,806,4,0,764,38,0,0
40783769,C,B,Random(9000),411845,547,0,547,0,653889,823,4,0,781,38,0,0
41785426,C,B,Random(9000),420937,563,0,563,0,672108,852,4,0,810,38,0,0
42821250,C,A,Random(9000),430574,579,0,579,0,687088,872,4,0,828,40,0,0
43823259,C,B,Random(9000),442523,592,0,592,0,708526,900,4,0,855,41,0,0
44841676,C,B,Random(9000),451075,604,0,604,0,725957,923,4,0,876,43,0,0
45860052,C,B,Random(9000),460709,611,0,611,0,741673,940,4,0,892,44,0,0
46864701,C,B,Random(9000),471512,624,0,624,0,752706,958,4,0,910,44,0,0
47869153,C,A,Random(9000),480356,636,0,636,0,766268,975,4,0,927,44,0,0
48872066,C,A,Random(9000),491727,650,0,650,0,782293,998,4,0,950,44,0,0
49952682,C,A,Random(9000),500170,661,0,661,0,795514,1012,4,0,964,44,0,0
50961850,C,A,Random(9000),513021,674,0,674,0,806214,1025,5,0,976,44,0,0
51993610,C,A,Random(9000),524676,690,0,690,0,823258,1041,5,0,992,44,0,0
53003574,C,B,Random(9000),535219,706,0,706,0,843569,1064,5,0,1015,44,0,0
54092491,C,A,Random(9000),547040,721,0,721,0,855707,1081,5,0,1032,44,0,0
55094085,C,B,Random(9000),556819,732,0,732,0,874810,1099,5,0,1046,48,0,0
56161049,C,A,Random(9000),566048,745,0,745,0,889367,1123,5,0,1069,49,0,0
57189795,C,A,Random(9000),580793,758,0,758,0,904349,1146,5,0,1092,49,0,0
58189992,C,A,Random(9000),595738,780,0,780,0,927347,1176,5,0,1122,49,0,0
59206162,C,B,Random(9000),608706,794,0,794,0,949370,1202,5,0,1148,49,0,0
60231424,C,B,Random(9000),618703,808,0,808,0,964128,1224,6,0,1169,49,0,0
61275555,C,A,Random(9000),630596,825,0,825,0,975884,1239,6,0,1184,49,0,0
