time_us,node_id,target_id,traffic_generator,data_sent,packets_sent,reports_sent,natives_sent,coded_sent,data_received,packets_received,reports_received,natives_received,decoded_received,coded_received,cache_hits,cache_misses
1017804,B,C,None,14819,25,0,0,25,19369,33,0,33,0,0,0,0
2019739,B,C,None,33757,47,0,0,47,43545,65,0,65,0,0,0,0
3039908,B,C,None,53676,65,0,0,65,66441,94,0,94,0,0,0,0
4072427,B,C,None,69706,80,0,0,80,89723,123,0,123,0,0,0,0
5101127,B,C,None,86141,100,0,0,100,109549,153,0,153,0,0,0,0
6157748,B,A,None,101155,120,0,0,120,131819,185,0,185,0,0,0,0
7170027,B,C,None,116523,139,0,0,139,147675,213,0,213,0,0,0,0
8194256,B,A,None,131546,158,0,0,158,171377,245,0,245,0,0,0,0
9196746,B,A,None,145706,171,0,0,171,189311,264,0,264,0,0,0,0
10236418,B,C,None,157779,187,0,0,187,207203,289,0,289,0,0,0,0
11236686,B,A,None,168117,199,0,0,199,224545,310,0,310,0,0,0,0
12311930,B,A,None,179011,216,0,0,216,244118,339,0,339,0,0,0,0
13346262,B,A,None,193403,234,0,0,234,262920,368,0,368,0,0,0,0
14367440,B,C,None,206079,251,0,0,251,280981,392,0,392,0,0,0,0
15400366,B,C,None,217989,263,0,0,263,297414,411,0,411,0,0,0,0
16446743,B,A,None,229345,275,0,0,275,317047,432,0,432,0,0,0,0
17451331,B,C,None,245253,292,0,0,292,336018,462,0,462,0,0,0,0
18496241,B,A,None,263125,311,0,0,311,361235,494,0,494,0,0,0,0
19503867,B,A,None,280572,330,0,0,330,381788,521,0,521,0,0,0,0
20514947,B,A,None,293924,351,0,0,351,400665,551,0,551,0,0,0,0
21520652,B,C,None,304728,369,0,0,369,418495,578,0,578,0,0,0,0
22537208,B,A,None,317307,381,0,0,381,434076,598,0,598,0,0,0,0
23540448,B,C,None,331934,401,0,0,401,451384,625,0,625,0,0,0,0
24546825,B,C,None,349147,432,0,0,432,474063,668,0,668,0,0,0,0
25559813,B,A,None,368138,455,0,0,455,496431,703,0,703,0,0,0,0
26569832,B,A,None,383121,476,0,0,476,513255,735,0,735,0,0,0,0
27570137,B,C,None,394985,493,0,0,493,530840,761,0,761,0,0,0,0
28573677,B,A,None,406672,506,0,0,506,549212,782,0,782,0,0,0,0
29579779,B,C,None,417904,520,0,0,520,567321,801,0,801,0,0,0,0
30588506,B,A,None,431027,531,0,0,531,587364,820,0,820,0,0,0,0
31611210,B,C,None,444972,549,0,0,549,607158,846,0,846,0,0,0,0
32690452,B,C,None,459111,563,0,0,563,624317,869,0,869,0,0,0,0
33692356,B,C,None,476467,583,0,0,583,651182,901,0,901,0,0,0,0
34719699,B,A,None,492503,599,0,0,599,672909,926,0,926,0,0,0,0
35723191,B,A,None,511833,623,0,0,623,692628,958,0,958,0,0,0,0
36738747,B,C,None,532148,646,0,0,646,721391,995,0,995,0,0,0,0
37764085,B,A,None,547575,666,0,0,666,739678,1024,0,1024,0,0,0,0
38797498,B,A,None,560249,685,0,0,685,760524,1052,0,1052,0,0,0,0
39799581,B,C,None,572062,697,0,0,697,777959,1073,0,1073,0,0,0,0
40801915,B,A,None,585991,715,0,0,715,796107,1099,0,1099,0,0,0,0
41840921,B,C,None,600828,733,0,0,733,816724,1127,0,1127,0,0,0,0
42888026,B,A,None,615999,755,0,0,755,835024,1158,0,1158,0,0,0,0
43910158,B,C,None,631270,775,0,0,775,860042,1189,0,1189,0,0,0,0
44910901,B,A,None,644433,793,0,0,793,877491,1218,0,1218,0,0,0,0
45954481,B,C,None,657075,804,0,0,804,897213,1238,0,1238,0,0,0,0
46956196,B,C,None,669476,822,0,0,822,913766,1264,0,1264,0,0,0,0
47985670,B,A,None,683103,840,0,0,840,935384,1289,0,1289,0,0,0,0
49011898,B,C,None,700618,865,0,0,865,957344,1323,0,1323,0,0,0,0
50079659,B,A,None,712349,877,0,0,877,977161,1344,0,1344,0,0,0,0
51113487,B,A,None,725845,891,0,0,891,994766,1365,0,1365,0,0,0,0
52133116,B,C,None,742803,907,0,0,907,1018930,1393,0,1393,0,0,0,0
53134790,B,C,None,761739,929,0,0,929,1040614,1424,0,1424,0,0,0,0
54187146,B,A,None,773809,945,0,0,945,1062467,1449,0,1449,0,0,0,0
55219532,B,C,None,786697,956,0,0,956,1083502,1468,0,1468,0,0,0,0
56228882,B,A,None,799575,977,0,0,977,1100616,1497,0,1497,0,0,0,0
57230604,B,A,None,818460,1001,0,0,1001,1120166,1529,0,1529,0,0,0,0
58230641,B,C,None,841440,1030,0,0,1030,1146540,1572,0,1572,0,0,0,0
59281591,B,A,None,862020,1056,0,0,1056,1175223,1609,0,1609,0,0,0,0
60332366,B,A,None,876928,1077,0,0,1077,1197291,1641,0,1641,0,0,0,0
