time_us,own_mac,data_sent,data_received,data_sniffed,rx_failures,tx_failures
1002242,48:27:E2:3B:31:04,18306,27570,27690,0
2043669,48:27:E2:3B:31:04,44461,63414,63534,0
3045703,48:27:E2:3B:31:04,68517,103122,103242,0
4080992,48:27:E2:3B:31:04,90446,135445,135565,0
5124997,48:27:E2:3B:31:04,111866,171524,171644,0
6181733,48:27:E2:3B:31:04,131587,202985,203501,0
7193501,48:27:E2:3B:31:04,151582,227461,227977,0
8197338,48:27:E2:3B:31:04,171319,256891,257647,0
9199838,48:27:E2:3B:31:04,187712,281628,282542,0
10260464,48:27:E2:3B:31:04,205183,305256,306618,0
11262695,48:27:E2:3B:31:04,218638,327840,329202,0
12278844,48:27:E2:3B:31:04,233252,352957,354319,0
13278993,48:27:E2:3B:31:04,252089,387155,388517,0
14279520,48:27:E2:3B:31:04,266336,422142,423624,0
15288350,48:27:E2:3B:31:04,280326,454146,455842,0
16293271,48:27:E2:3B:31:04,296922,483035,484731,0
17297694,48:27:E2:3B:31:04,314989,513472,515168,0
18299625,48:27:E2:3B:31:04,339771,554624,556320,0
19301440,48:27:E2:3B:31:04,359163,583810,585626,0
20304254,48:27:E2:3B:31:04,377244,608411,610227,0
21324859,48:27:E2:3B:31:04,392980,631908,633938,0
22326850,48:27:E2:3B:31:04,408975,656192,658463,0
23415271,48:27:E2:3B:31:04,427236,679290,681561,0
24415945,48:27:E2:3B:31:04,451971,711118,713389,0
25425752,48:27:E2:3B:31:04,475520,741272,743663,0
26431700,48:27:E2:3B:31:04,495908,765885,768918,0
27450912,48:27:E2:3B:31:04,511823,800224,803257,0
28451099,48:27:E2:3B:31:04,529415,831910,834943,0
29451216,48:27:E2:3B:31:04,542863,863563,866596,0
30452081,48:27:E2:3B:31:04,559685,900976,904009,0
31452506,48:27:E2:3B:31:04,576666,934489,937522,0
32455370,48:27:E2:3B:31:04,594963,965239,968486,0
33456332,48:27:E2:3B:31:04,617623,1005961,1009208,0
34458566,48:27:E2:3B:31:04,638309,1041457,1044704,0
35461550,48:27:E2:3B:31:04,660868,1071918,1075165,0
36497425,48:27:E2:3B:31:04,685949,1108954,1112515,0
37506320,48:27:E2:3B:31:04,703706,1135569,1139558,0
38507383,48:27:E2:3B:31:04,726612,1167967,1171956,0
39513886,48:27:E2:3B:31:04,740872,1190506,1194495,0
40514076,48:27:E2:3B:31:04,760354,1216263,1220392,0
41518186,48:27:E2:3B:31:04,779649,1246821,1251070,0
42544671,48:27:E2:3B:31:04,797393,1280045,1284294,0
43545951,48:27:E2:3B:31:04,817718,1318397,1322860,0
44547486,48:27:E2:3B:31:04,833686,1351556,1356019,0
45553574,48:27:E2:3B:31:04,848905,1386954,1391417,0
46559749,48:27:E2:3B:31:04,867855,1412746,1417209,0
47570106,48:27:E2:3B:31:04,883476,1437968,1442551,0
48574665,48:27:E2:3B:31:04,903317,1470121,1474918,0
49579687,48:27:E2:3B:31:04,921620,1492757,1497974,0
50584812,48:27:E2:3B:31:04,935246,1516573,1521790,0
51597828,48:27:E2:3B:31:04,959777,1547991,1553208,0
52598274,48:27:E2:3B:31:04,982317,1580496,1585833,0
53683778,48:27:E2:3B:31:04,1001151,1607926,1613263,0
54688984,48:27:E2:3B:31:04,1015231,1636847,1642638,0
55691734,48:27:E2:3B:31:04,1034672,1672526,1678317,0
56691945,48:27:E2:3B:31:04,1050397,1703602,1709393,0
57694908,48:27:E2:3B:31:04,1078704,1750917,1756708,0
58695450,48:27:E2:3B:31:04,1110927,1789903,1795694,0
59695489,48:27:E2:3B:31:04,1133793,1824887,1830678,0
60696477,48:27:E2:3B:31:04,1149677,1846862,1853107,0
