time_us,node_id,target_id,traffic_generator,data_sent,packets_sent,reports_sent,natives_sent,coded_sent,data_received,packets_received,reports_received,natives_received,decoded_received,coded_received,cache_hits,cache_misses
1056512,A,C,Random(9000),4655,15,0,15,0,4068,22,0,0,22,0,0,0
2086665,A,C,Random(9000),20100,34,0,34,0,18363,41,0,0,41,0,0,0
3122860,A,C,Random(9000),36699,51,0,51,0,33227,64,0,0,63,1,0,0
4127830,A,C,Random(9000),49819,67,0,67,0,55018,88,0,0,85,3,0,0
5194402,A,B,Random(9000),61102,81,0,81,0,72462,109,0,0,105,4,0,0
6239053,A,B,Random(9000),74531,99,0,99,0,88241,135,1,0,129,5,0,0
7261310,A,B,Random(9000),84665,117,0,117,0,99768,152,1,0,146,5,0,0
8266657,A,B,Random(9000),94931,133,0,133,0,115351,167,1,0,161,5,0,0
9280872,A,C,Random(9000),104515,143,0,143,0,128706,180,1,0,174,5,0,0
10285738,A,C,Random(9000),114426,156,0,156,0,140476,197,2,0,190,5,0,0
11394397,A,C,Random(9000),124238,165,0,165,0,152321,209,2,0,202,5,0,0
12421004,A,C,Random(9000),133317,180,0,180,0,162906,223,2,0,216,5,0,0
13426694,A,B,Random(9000),141288,197,0,197,0,182598,252,2,0,241,9,0,0
14435188,A,C,Random(9000),151008,208,0,208,0,201984,274,2,0,260,12,0,0
15473756,A,B,Random(9000),161146,221,0,221,0,218206,295,2,0,279,14,0,0
16514788,A,B,Random(9000),171342,233,0,233,0,233087,313,2,0,295,16,0,0
17557197,A,C,Random(9000),179984,245,0,245,0,243077,326,2,0,306,18,0,0
18560360,A,C,Random(9000),193171,263,0,263,0,257871,345,2,0,324,19,0,0
19582299,A,B,Random(9000),204613,276,0,276,0,273982,363,3,0,341,19,0,0
20592889,A,B,Random(9000),214967,295,0,295,0,290410,386,3,0,364,19,0,0
21679445,A,B,Random(9000),224445,306,0,306,0,303680,406,3,0,384,19,0,0
22685937,A,C,Random(9000),233309,316,0,316,0,313946,417,3,0,395,19,0,0
23703810,A,C,Random(9000),242171,330,0,330,0,325633,435,3,0,413,19,0,0
24715057,A,B,Random(9000),254464,352,0,352,0,341378,461,3,0,439,19,0,0
25739536,A,C,Random(9000),266707,373,0,373,0,358974,485,3,0,463,19,0,0
26751460,A,C,Random(9000),275674,389,0,389,0,375097,507,3,0,485,19,0,0
27772069,A,B,Random(9000),285771,398,0,398,0,393730,528,3,0,503,22,0,0
28797234,A,B,Random(9000),294193,406,0,406,0,411975,555,3,0,527,25,0,0
29798844,A,B,Random(9000),303312,417,0,417,0,429961,578,3,0,547,28,0,0
30879842,A,C,Random(9000),314617,427,0,427,0,447612,593,3,0,560,30,0,0
31955988,A,C,Random(9000),324425,437,0,437,0,467345,615,3,0,578,34,0,0
33033035,A,C,Random(9000),337599,455,0,455,0,478695,628,3,0,591,34,0,0
34052363,A,C,Random(9000),351731,470,0,470,0,494685,648,3,0,610,35,0,0
35073304,A,C,Random(9000),363484,484,0,484,0,509351,666,3,0,627,36,0,0
36085084,A,C,Random(9000),374300,501,0,501,0,526199,687,4,0,646,37,0,0
37102203,A,C,Random(9000),388954,523,0,523,0,543796,707,4,0,666,37,0,0
38103911,A,C,Random(9000),399235,543,0,543,0,555639,728,4,0,687,37,0,0
39132324,A,C,Random(9000),409714,555,0,555,0,572091,748,4,0,707,37,0,0
40144831,A,B,Random(9000),418336,567,0,567,0,582795,760,4,0,719,37,0,0
41195775,A,C,Random(9000),429098,580,0,580,0,595207,774,4,0,733,37,0,0
42230256,A,C,Random(9000),439181,591,0,591,0,611745,802,4,0,758,40,0,0
43237871,A,C,Random(9000),450689,606,0,606,0,627818,820,4,0,776,40,0,0
44239662,A,C,Random(9000),463978,626,0,626,0,643466,848,4,0,804,40,0,0
45251827,A,C,Random(9000),475753,645,0,645,0,655467,863,4,0,818,41,0,0
46278449,A,C,Random(9000),484350,657,0,657,0,671141,881,4,0,834,43,0,0
47321706,A,C,Random(9000),494556,673,0,673,0,682034,900,4,0,853,43,0,0
48334635,A,B,Random(9000),505956,687,0,687,0,694130,916,4,0,869,43,0,0
49339722,A,B,Random(9000),517547,701,0,701,0,711404,937,4,0,890,43,0,0
50343018,A,C,Random(9000),526294,714,0,714,0,721775,952,4,0,905,43,0,0
51400017,A,C,Random(9000),536757,726,0,726,0,732541,966,5,0,918,43,0,0
52473914,A,C,Random(9000),547591,736,0,736,0,749767,981,5,0,933,43,0,0
53481805,A,C,Random(9000),560136,751,0,751,0,767307,1002,5,0,954,43,0,0
54486837,A,C,Random(9000),571549,764,0,764,0,780444,1016,5,0,968,43,0,0
55586847,A,C,Random(9000),582862,772,0,772,0,796895,1034,5,0,983,46,0,0
56587928,A,C,Random(9000),594905,790,0,790,0,812947,1058,5,0,1005,48,0,0
57590791,A,C,Random(9000),609684,816,0,816,0,821050,1073,5,0,1020,48,0,0
58602191,A,C,Random(9000),625961,848,0,848,0,836209,1099,5,0,1046,48,0,0
59632318,A,C,Random(9000),641266,864,0,864,0,849579,1118,5,0,1065,48,0,0
60652982,A,C,Random(9000),653387,883,0,883,0,864406,1137,6,0,1083,48,0,0
