time_us,own_mac,data_sent,data_received,data_sniffed,rx_failures,tx_failures
1013083,48:27:E2:3B:33:44,5125,12483,12483,8
2014301,48:27:E2:3B:33:44,23238,52580,52580,8
3016531,48:27:E2:3B:33:44,43338,92184,92184,8
4018543,48:27:E2:3B:33:44,61690,136394,136394,8
5021617,48:27:E2:3B:33:44,76832,174218,174218,8
6021876,48:27:E2:3B:33:44,91678,207144,207144,8
7036423,48:27:E2:3B:33:44,104601,241691,241691,8
8039271,48:27:E2:3B:33:44,118239,274337,274337,8
9039511,48:27:E2:3B:33:44,133078,307238,307238,8
10056663,48:27:E2:3B:33:44,144042,334617,334617,8
11074245,48:27:E2:3B:33:44,154862,362008,362008,8
12087676,48:27:E2:3B:33:44,167822,387769,387769,8
13091065,48:27:E2:3B:33:44,178271,418149,418149,8
14122019,48:27:E2:3B:33:44,190008,459571,459571,8
15125086,48:27:E2:3B:33:44,204112,493636,493636,8
16155602,48:27:E2:3B:33:44,216279,531819,531819,8
17157553,48:27:E2:3B:33:44,228268,563881,563881,8
18164342,48:27:E2:3B:33:44,241585,600640,600640,8
19168709,48:27:E2:3B:33:44,259304,641274,641274,8
20175309,48:27:E2:3B:33:44,272135,680418,680418,8
21175984,48:27:E2:3B:33:44,284434,710038,710038,8
22183014,48:27:E2:3B:33:44,295198,736898,736898,8
23224038,48:27:E2:3B:33:44,307101,764004,764004,8
24224918,48:27:E2:3B:33:44,320883,799199,799199,8
25233470,48:27:E2:3B:33:44,338629,839968,839968,8
26240855,48:27:E2:3B:33:44,350558,873713,873713,8
27244819,48:27:E2:3B:33:44,362594,913476,913476,8
28245817,48:27:E2:3B:33:44,373544,947404,947404,8
29253733,48:27:E2:3B:33:44,385092,981591,981591,8
30259454,48:27:E2:3B:33:44,397905,1022376,1022376,8
31331953,48:27:E2:3B:33:44,409757,1057753,1057753,8
32347195,48:27:E2:3B:33:44,423342,1099772,1099772,8
33355879,48:27:E2:3B:33:44,439562,1133396,1133396,8
34360859,48:27:E2:3B:33:44,455879,1178839,1178839,8
35380447,48:27:E2:3B:33:44,470250,1220243,1220243,8
36380548,48:27:E2:3B:33:44,488001,1258531,1258531,8
37385837,48:27:E2:3B:33:44,505899,1299125,1299125,8
38386674,48:27:E2:3B:33:44,519061,1338501,1338501,8
39459431,48:27:E2:3B:33:44,530865,1368554,1368554,8
40464957,48:27:E2:3B:33:44,542140,1394835,1394835,8
41467446,48:27:E2:3B:33:44,555272,1431196,1431196,8
42468394,48:27:E2:3B:33:44,568809,1467174,1467174,8
43468531,48:27:E2:3B:33:44,585363,1500253,1500253,8
44471544,48:27:E2:3B:33:44,602195,1544038,1544038,8
45472861,48:27:E2:3B:33:44,615589,1578914,1578914,8
46475044,48:27:E2:3B:33:44,626997,1610097,1610097,8
47481425,48:27:E2:3B:33:44,638710,1638662,1638662,8
48485385,48:27:E2:3B:33:44,654808,1669243,1669243,8
49485820,48:27:E2:3B:33:44,670403,1705326,1705326,8
50488091,48:27:E2:3B:33:44,681255,1733411,1733411,8
51493162,48:27:E2:3B:33:44,694366,1762145,1762145,8
52499937,48:27:E2:3B:33:44,706244,1797615,1797615,8
53501214,48:27:E2:3B:33:44,722222,1837675,1837675,8
54501365,48:27:E2:3B:33:44,736021,1868848,1868848,8
55535855,48:27:E2:3B:33:44,748902,1907364,1907364,8
56538923,48:27:E2:3B:33:44,764372,1942447,1942447,8
57541573,48:27:E2:3B:33:44,783799,1977815,1977815,8
58548163,48:27:E2:3B:33:44,805534,2028676,2028676,8
59563738,48:27:E2:3B:33:44,823815,2072117,2072117,8
60565053,48:27:E2:3B:33:44,840463,2109143,2109143,8
