time_us,own_mac,data_sent,data_received,data_sniffed,rx_failures,tx_failures
1072008,48:27:E2:3B:33:44,0,625,625,8
2097103,48:27:E2:3B:33:44,0,1858,1858,24
3100008,48:27:E2:3B:33:44,18412,31534,31534,24
4110522,48:27:E2:3B:33:44,30473,61748,61748,24
5130186,48:27:E2:3B:33:44,40698,82986,82986,24
6142646,48:27:E2:3B:33:44,50094,108858,108858,24
7179535,48:27:E2:3B:33:44,59719,135312,135312,24
8191015,48:27:E2:3B:33:44,67385,166197,166197,24
9193638,48:27:E2:3B:33:44,76119,184950,184950,24
10196934,48:27:E2:3B:33:44,89452,215382,215382,24
11218445,48:27:E2:3B:33:44,95003,246779,246779,24
12224990,48:27:E2:3B:33:44,102925,273635,273635,24
13245934,48:27:E2:3B:33:44,108699,295829,295829,24
14249399,48:27:E2:3B:33:44,116413,322367,322367,24
15308108,48:27:E2:3B:33:44,124098,345732,345732,24
16461249,48:27:E2:3B:33:44,134235,370705,370705,24
17504841,48:27:E2:3B:33:44,140688,392144,392144,24
18532879,48:27:E2:3B:33:44,148192,412420,412420,24
19536242,48:27:E2:3B:33:44,155328,433314,433314,24
20561357,48:27:E2:3B:33:44,161348,456452,456452,24
21562526,48:27:E2:3B:33:44,168389,477631,477631,24
22603815,48:27:E2:3B:33:44,174494,496772,496772,24
23746096,48:27:E2:3B:33:44,181987,522308,522308,24
24829575,48:27:E2:3B:33:44,189254,544791,544791,24
25829911,48:27:E2:3B:33:44,196642,566107,566107,24
26857264,48:27:E2:3B:33:44,202817,587517,587517,24
27887007,48:27:E2:3B:33:44,210231,607636,607636,24
28897093,48:27:E2:3B:33:44,216568,628016,628016,24
29897972,48:27:E2:3B:33:44,223741,649266,649266,24
30929713,48:27:E2:3B:33:44,229757,669519,669519,24
32028938,48:27:E2:3B:33:44,237269,689751,689751,24
33031785,48:27:E2:3B:33:44,244716,710239,710239,24
34038695,48:27:E2:3B:33:44,252839,746608,746608,24
35056533,48:27:E2:3B:33:44,259225,772906,772906,24
36063769,48:27:E2:3B:33:44,267466,795778,795778,24
37064838,48:27:E2:3B:33:44,274033,818459,818459,24
38090184,48:27:E2:3B:33:44,280572,837495,837495,24
39097188,48:27:E2:3B:33:44,288026,857510,857510,24
40148238,48:27:E2:3B:33:44,294302,879742,879742,24
41150012,48:27:E2:3B:33:44,300736,901853,901853,24
42279230,48:27:E2:3B:33:44,307870,919835,919835,24
43292274,48:27:E2:3B:33:44,319640,945579,945579,24
44416957,48:27:E2:3B:33:44,325752,971354,971354,24
45418466,48:27:E2:3B:33:44,333473,993227,993227,24
46432865,48:27:E2:3B:33:44,339237,1017968,1017968,24
47434590,48:27:E2:3B:33:44,346944,1035939,1035939,24
48483206,48:27:E2:3B:33:44,352757,1059302,1059302,24
49485006,48:27:E2:3B:33:44,359497,1075687,1075687,24
50571424,48:27:E2:3B:33:44,368377,1101747,1101747,24
51642691,48:27:E2:3B:33:44,375569,1123098,1123098,24
52645530,48:27:E2:3B:33:44,383094,1141886,1141886,24
53740241,48:27:E2:3B:33:44,389750,1161818,1161818,24
54749665,48:27:E2:3B:33:44,399532,1180473,1180473,24
55780770,48:27:E2:3B:33:44,409171,1209518,1209518,24
56821951,48:27:E2:3B:33:44,416355,1228002,1228002,24
57850291,48:27:E2:3B:33:44,422715,1249313,1249313,24
58944903,48:27:E2:3B:33:44,430092,1269221,1269221,24
60122845,48:27:E2:3B:33:44,437977,1293988,1293988,24
