time_us,own_mac,data_sent,data_received,data_sniffed,rx_failures,tx_failures
1001315,48:27:E2:3B:31:04,21074,26375,26375,0
2004121,48:27:E2:3B:31:04,40324,47877,48091,0
3005038,48:27:E2:3B:31:04,51839,68488,68938,0
4024815,48:27:E2:3B:31:04,66732,87545,87995,0
5052969,48:27:E2:3B:31:04,83748,109054,109624,0
6085405,48:27:E2:3B:31:04,98333,133813,134541,0
7109885,48:27:E2:3B:31:04,108354,150461,151617,0
8115046,48:27:E2:3B:31:04,127519,174205,175361,0
9153586,48:27:E2:3B:31:04,143397,200073,201229,0
10155913,48:27:E2:3B:31:04,157149,218274,219430,0
11190063,48:27:E2:3B:31:04,169840,236874,238586,0
12193387,48:27:E2:3B:31:04,184893,256830,258542,0
13210530,48:27:E2:3B:31:04,199003,273603,275529,0
14211535,48:27:E2:3B:31:04,214433,288521,290567,0
15216280,48:27:E2:3B:31:04,227829,304298,306594,0
16217824,48:27:E2:3B:31:04,240780,317067,319483,0
17357649,48:27:E2:3B:31:04,252456,331967,334523,0
18360879,48:27:E2:3B:31:04,268912,351052,354138,0
19392066,48:27:E2:3B:31:04,280543,363030,366116,0
20393278,48:27:E2:3B:31:04,294484,378627,381713,0
21408063,48:27:E2:3B:31:04,306947,392920,396317,0
22410379,48:27:E2:3B:31:04,321359,407875,411272,0
23416436,48:27:E2:3B:31:04,333216,419608,423321,0
24424420,48:27:E2:3B:31:04,346309,436098,440356,0
25424517,48:27:E2:3B:31:04,358759,450740,454998,0
26446564,48:27:E2:3B:31:04,372238,463394,467652,0
27464267,48:27:E2:3B:31:04,385810,477353,481851,0
28467504,48:27:E2:3B:31:04,399288,493230,497728,0
29472955,48:27:E2:3B:31:04,408810,504866,509792,0
30473947,48:27:E2:3B:31:04,422795,521782,526708,0
31475861,48:27:E2:3B:31:04,439452,541179,546105,0
32476409,48:27:E2:3B:31:04,455051,560409,565455,0
33477854,48:27:E2:3B:31:04,472261,576247,581451,0
34577606,48:27:E2:3B:31:04,485896,591925,597129,0
35579570,48:27:E2:3B:31:04,499695,606464,611668,0
36659067,48:27:E2:3B:31:04,511673,620111,625549,0
37665904,48:27:E2:3B:31:04,528245,635704,641562,0
38703523,48:27:E2:3B:31:04,539466,649124,655538,0
39710062,48:27:E2:3B:31:04,553528,662784,669198,0
40719736,48:27:E2:3B:31:04,562244,677340,683968,0
41786544,48:27:E2:3B:31:04,583486,698721,705349,0
42789054,48:27:E2:3B:31:04,595380,710790,717418,0
43837968,48:27:E2:3B:31:04,608775,728415,735283,0
44840606,48:27:E2:3B:31:04,623727,745486,752471,0
45891495,48:27:E2:3B:31:04,637477,757998,765103,0
46891924,48:27:E2:3B:31:04,650756,771608,778713,0
47941922,48:27:E2:3B:31:04,663747,786512,793897,0
49045108,48:27:E2:3B:31:04,680244,803429,811054,0
50051253,48:27:E2:3B:31:04,693951,817827,825452,0
51113561,48:27:E2:3B:31:04,705067,830542,838407,0
52119304,48:27:E2:3B:31:04,718405,845406,853485,0
53128354,48:27:E2:3B:31:04,735604,866633,874712,0
54152743,48:27:E2:3B:31:04,749857,879725,887804,0
55153543,48:27:E2:3B:31:04,762818,894253,902332,0
56220273,48:27:E2:3B:31:04,776509,908088,916407,0
57229151,48:27:E2:3B:31:04,787435,921397,930564,0
58229732,48:27:E2:3B:31:04,801190,938843,948010,0
59266256,48:27:E2:3B:31:04,815348,952273,961440,0
