time_us,node_id,target_id,traffic_generator,data_sent,packets_sent,reports_sent,natives_sent,coded_sent,data_received,packets_received,reports_received,natives_received,decoded_received,coded_received,cache_hits,cache_misses
1025865,C,A,Random(5000),6177,13,3,10,0,17921,26,0,0,26,0,0,0
2079511,C,A,Random(5000),10594,21,7,14,0,34257,47,0,0,47,0,0,0
3087668,C,A,Random(5000),16445,32,10,22,0,42524,71,1,0,70,0,0,0
4100713,C,B,Random(5000),21776,39,12,27,0,58297,88,1,0,87,0,0,0
5168550,C,B,Random(5000),27720,49,15,34,0,70164,106,1,0,105,0,0,0
6172482,C,B,Random(5000),32670,64,18,46,0,88728,136,2,0,134,0,0,0
7201756,C,A,Random(5000),37123,74,22,52,0,95061,155,3,0,152,0,0,0
8202500,C,B,Random(5000),45882,83,23,60,0,110401,177,3,0,174,0,0,0
9255187,C,A,Random(5000),51716,95,27,68,0,128871,199,4,0,195,0,0,0
10287552,C,B,Random(5000),57561,104,30,74,0,141049,220,5,0,215,0,0,0
11297236,C,A,Random(5000),61624,114,34,80,0,152216,238,5,0,233,0,0,0
12342427,C,B,Random(5000),67570,127,37,90,0,166892,265,5,0,260,0,0,0
13392764,C,A,Random(5000),72181,138,41,97,0,177019,282,7,0,275,0,0,0
14433179,C,B,Random(5000),77717,146,44,102,0,190301,300,8,0,291,1,0,0
15443022,C,A,Random(5000),82246,154,48,106,0,199394,311,8,0,302,1,0,0
16492999,C,B,Random(5000),88229,166,51,115,0,209697,329,10,0,318,1,0,0
17496598,C,A,Random(5000),93901,177,54,123,0,219246,340,10,0,329,1,0,0
18512122,C,B,Random(5000),99515,187,57,130,0,232188,356,10,0,345,1,0,0
19533186,C,A,Random(5000),104054,199,61,138,0,241136,367,11,0,355,1,0,0
20669683,C,A,Random(5000),109859,210,65,145,0,252481,381,11,0,369,1,0,0
21676282,C,B,Random(5000),115637,220,68,152,0,265434,397,13,0,383,1,0,0
22719428,C,A,Random(5000),119981,231,72,159,0,273976,408,13,0,394,1,0,0
23832596,C,B,Random(5000),125748,240,75,165,0,288010,423,13,0,409,1,0,0
24838881,C,A,Random(5000),131615,253,79,174,0,296637,439,14,0,424,1,0,0
25858450,C,B,Random(5000),135932,262,82,180,0,308175,455,15,0,439,1,0,0
26883556,C,A,Random(5000),141702,275,86,189,0,318315,467,15,0,451,1,0,0
27891525,C,A,Random(5000),145761,284,90,194,0,326719,480,15,0,464,1,0,0
29008175,C,A,Random(5000),151258,292,94,198,0,339727,491,16,0,474,1,0,0
30066663,C,A,Random(5000),158532,301,96,205,0,348393,504,18,0,485,1,0,0
31077603,C,A,Random(5000),165917,309,98,211,0,357013,513,19,0,493,1,0,0
32084483,C,A,Random(5000),174944,323,101,222,0,371990,535,19,0,514,2,0,0
33115269,C,B,Random(5000),183865,338,103,235,0,385472,557,19,0,536,2,0,0
34161928,C,A,Random(5000),188569,347,106,241,0,394738,572,19,0,551,2,0,0
35167787,C,B,Random(5000),194296,357,109,248,0,406684,594,20,0,572,2,0,0
36233106,C,A,Random(5000),198660,366,113,253,0,415514,608,21,0,585,2,0,0
37281693,C,A,Random(5000),205656,378,116,262,0,425330,625,22,0,601,2,0,0
38439372,C,B,Random(5000),211429,385,119,266,0,438628,637,22,0,613,2,0,0
39482271,C,A,Random(5000),216201,399,122,277,0,447731,652,23,0,627,2,0,0
40490451,C,B,Random(5000),222148,412,124,288,0,452571,668,26,0,640,2,0,0
41624053,C,A,Random(5000),230952,424,125,299,0,468854,690,26,0,662,2,0,0
42625536,C,B,Random(5000),236990,434,127,307,0,477904,703,28,0,673,2,0,0
43726390,C,A,Random(5000),243009,445,130,315,0,487997,719,28,0,689,2,0,0
44875550,C,A,Random(5000),250244,453,133,320,0,501198,732,30,0,700,2,0,0
45902413,C,A,Random(5000),256387,466,136,330,0,511605,747,31,0,714,2,0,0
46958245,C,A,Random(5000),260307,475,140,335,0,521776,757,31,0,724,2,0,0
47975026,C,B,Random(5000),266097,489,143,346,0,534346,779,31,0,746,2,0,0
49008294,C,A,Random(5000),271671,498,147,351,0,544145,792,31,0,759,2,0,0
50125743,C,A,Random(5000),275957,508,151,357,0,554537,809,32,0,775,2,0,0
51145794,C,B,Random(5000),281651,516,153,363,0,565828,824,34,0,788,2,0,0
52181267,C,A,Random(5000),286246,528,157,371,0,573591,842,35,0,805,2,0,0
53202845,C,A,Random(5000),293807,540,159,381,0,586921,865,36,0,827,2,0,0
54213212,C,B,Random(5000),298093,548,162,386,0,598318,875,36,0,837,2,0,0
55278062,C,A,Random(5000),303979,557,166,391,0,607377,886,36,0,848,2,0,0
56281499,C,B,Random(5000),308544,566,169,397,0,618997,900,36,0,862,2,0,0
57352585,C,A,Random(5000),313147,579,172,407,0,626588,917,38,0,877,2,0,0
58355248,C,A,Random(5000),320657,590,173,417,0,636754,932,39,0,891,2,0,0
59370160,C,A,Random(5000),326210,597,176,421,0,648168,942,39,0,901,2,0,0
