time_us,node_id,target_id,traffic_generator,data_sent,packets_sent,reports_sent,natives_sent,coded_sent,data_received,packets_received,reports_received,natives_received,decoded_received,coded_received,cache_hits,cache_misses
1081512,A,B,Random(5000),0,0,0,0,0,188,3,0,0,3,0,0,0
2082522,A,B,Random(5000),0,0,0,0,0,621,11,0,0,11,0,0,0
3118379,A,C,Random(5000),15821,18,0,18,0,14076,35,0,0,35,0,0,0
4140631,A,B,Random(5000),24813,32,2,30,0,26155,54,0,0,54,0,0,0
5249837,A,C,Random(5000),31266,48,5,43,0,35824,76,1,0,75,0,0,0
6250236,A,B,Random(5000),39977,59,7,52,0,50142,92,1,0,91,0,0,0
7255177,A,B,Random(5000),45831,69,9,60,0,60452,108,1,0,107,0,0,0
8289042,A,C,Random(5000),53043,82,12,70,0,76059,135,2,0,133,0,0,0
9420478,A,B,Random(5000),59100,95,14,81,0,84120,157,3,0,154,0,0,0
10449910,A,C,Random(5000),69550,110,16,94,0,98037,178,3,0,175,0,0,0
11510534,A,C,Random(5000),73889,120,20,100,0,116507,200,4,0,196,0,0,0
12533846,A,B,Random(5000),79481,132,22,110,0,131143,223,5,0,218,0,0,0
13558946,A,C,Random(5000),83970,143,26,117,0,141258,242,5,0,237,0,0,0
14647321,A,C,Random(5000),91010,155,29,126,0,153084,263,5,0,258,0,0,0
15660459,A,B,Random(5000),96667,166,32,134,0,163457,281,8,0,273,0,0,0
16774329,A,B,Random(5000),102741,178,33,145,0,176678,299,8,0,291,0,0,0
17788873,A,C,Random(5000),108758,190,37,153,0,185855,311,9,0,302,0,0,0
18857657,A,C,Random(5000),112916,200,41,159,0,194689,326,10,0,316,0,0,0
19893124,A,B,Random(5000),118531,210,44,166,0,209842,343,10,0,333,0,0,0
20965173,A,C,Random(5000),124641,219,48,171,0,218769,355,11,0,344,0,0,0
22037669,A,C,Random(5000),128798,228,52,176,0,229006,369,11,0,358,0,0,0
23046750,A,B,Random(5000),134271,235,55,180,0,243420,384,12,0,372,0,0,0
24059998,A,B,Random(5000),139711,245,59,186,0,251760,395,13,0,382,0,0,0
25070452,A,C,Random(5000),143944,253,63,190,0,261645,407,13,0,394,0,0,0
26123342,A,B,Random(5000),149682,265,66,199,0,274521,423,13,0,410,0,0,0
27156854,A,C,Random(5000),155231,277,69,208,0,282985,438,14,0,424,0,0,0
28180937,A,B,Random(5000),159654,285,72,213,0,294614,453,15,0,438,0,0,0
29214346,A,C,Random(5000),165506,297,76,221,0,303462,466,15,0,451,0,0,0
30231504,A,C,Random(5000),169562,304,80,224,0,314351,478,15,0,463,0,0,0
31246558,A,C,Random(5000),175543,312,83,229,0,324656,487,16,0,471,0,0,0
32274960,A,B,Random(5000),180071,321,86,235,0,334743,501,18,0,483,0,0,0
33275475,A,B,Random(5000),184494,333,89,244,0,343439,511,19,0,492,0,0,0
34411349,A,B,Random(5000),191778,344,91,253,0,358381,534,19,0,514,1,0,0
35414023,A,C,Random(5000),196527,357,94,263,0,370401,553,19,0,533,1,0,0
36437066,A,B,Random(5000),202583,370,97,273,0,382811,573,19,0,553,1,0,0
37526733,A,C,Random(5000),207007,385,101,284,0,392918,591,20,0,570,1,0,0
38736993,A,C,Random(5000),212882,400,104,296,0,401933,609,21,0,587,1,0,0
39886517,A,B,Random(5000),218863,411,107,304,0,416181,628,22,0,605,1,0,0
41031728,A,B,Random(5000),224678,419,110,309,0,427820,639,23,0,615,1,0,0
42046904,A,C,Random(5000),230535,428,114,314,0,435700,655,24,0,630,1,0,0
43075443,A,B,Random(5000),237995,442,116,326,0,443350,674,26,0,647,1,0,0
44105209,A,B,Random(5000),242421,449,119,330,0,456795,690,27,0,662,1,0,0
45105324,A,B,Random(5000),248482,460,122,338,0,465659,701,28,0,672,1,0,0
46108284,A,B,Random(5000),252518,468,126,342,0,477219,716,28,0,687,1,0,0
47121468,A,B,Random(5000),258532,477,129,348,0,487445,728,31,0,696,1,0,0
48178733,A,C,Random(5000),262851,486,133,353,0,497949,743,31,0,711,1,0,0
49183106,A,B,Random(5000),268685,495,136,359,0,506649,752,31,0,720,1,0,0
50269318,A,C,Random(5000),275795,509,139,370,0,515188,771,31,0,739,1,0,0
51348334,A,C,Random(5000),280052,519,141,378,0,526336,785,31,0,753,1,0,0
52348914,A,B,Random(5000),286071,531,144,387,0,536695,802,32,0,769,1,0,0
53435413,A,C,Random(5000),290325,541,148,393,0,545219,813,34,0,778,1,0,0
54448711,A,B,Random(5000),297702,555,150,405,0,552872,832,36,0,795,1,0,0
55548507,A,C,Random(5000),306514,569,151,418,0,566402,853,36,0,816,1,0,0
56563257,A,B,Random(5000),310496,576,154,422,0,577513,864,36,0,827,1,0,0
57588640,A,B,Random(5000),316585,587,158,429,0,588036,875,36,0,838,1,0,0
58618383,A,C,Random(5000),320823,597,162,435,0,596885,887,36,0,850,1,0,0
59645885,A,B,Random(5000),326654,608,165,443,0,605897,906,38,0,867,1,0,0
60724278,A,C,Random(5000),332283,619,169,450,0,613415,920,39,0,880,1,0,0
