time_us,node_id,target_id,traffic_generator,data_sent,packets_sent,reports_sent,natives_sent,coded_sent,data_received,packets_received,reports_received,natives_received,decoded_received,coded_received,cache_hits,cache_misses
1050369,B,A,None,16301,24,0,0,24,19232,28,2,26,0,0,0,0
2080275,B,A,None,31043,42,0,0,42,34004,52,8,44,0,0,0,0
3169427,B,C,None,40630,62,1,0,61,42115,76,14,62,0,0,0,0
4173601,B,A,None,54783,76,1,0,75,56292,95,19,76,0,0,0,0
5193905,B,C,None,65066,91,1,0,90,68136,116,24,92,0,0,0,0
6215510,B,A,None,74574,110,2,0,108,76067,140,30,110,0,0,0,0
7245107,B,C,None,85010,128,3,0,125,85069,161,35,126,0,0,0,0
8308926,B,C,None,98685,147,3,0,144,101607,184,38,146,0,0,0,0
9400065,B,C,None,111646,164,4,0,160,113092,207,46,161,0,0,0,0
10424992,B,C,None,121964,178,5,0,173,123268,226,52,174,0,0,0,0
11442189,B,C,None,131737,193,5,0,188,133081,249,59,190,0,0,0,0
12450995,B,A,None,141781,211,5,0,206,144756,274,66,208,0,0,0,0
13523380,B,A,None,153362,228,6,0,222,154808,295,72,223,0,0,0,0
14533031,B,A,None,165211,244,7,0,237,166613,316,77,239,0,0,0,0
15588225,B,C,None,175653,256,7,0,249,177122,335,84,251,0,0,0,0
16626826,B,A,None,185897,271,7,0,264,187183,357,91,266,0,0,0,0
17641791,B,C,None,195505,283,7,0,276,197011,375,97,278,0,0,0,0
18650922,B,A,None,207098,298,7,0,291,208687,396,104,292,0,0,0,0
19678419,B,C,None,216046,308,7,0,301,217413,414,111,303,0,0,0,0
20814150,B,C,None,227391,322,7,0,315,228816,435,119,316,0,0,0,0
21814627,B,C,None,238744,337,9,0,328,240078,455,126,329,0,0,0,0
22843584,B,A,None,247286,348,9,0,339,249963,474,133,341,0,0,0,0
23890996,B,A,None,258519,361,9,0,352,259949,494,141,353,0,0,0,0
24899183,B,C,None,268576,377,9,0,368,269877,516,147,369,0,0,0,0
25931165,B,A,None,278700,391,9,0,382,280114,537,154,383,0,0,0,0
26960508,B,C,None,288732,403,9,0,394,290346,557,161,396,0,0,0,0
28004519,B,A,None,298658,417,9,0,408,301361,578,168,410,0,0,0,0
29119560,B,A,None,310216,427,10,0,417,311553,594,176,418,0,0,0,0
30122697,B,C,None,318780,439,12,0,427,318882,610,182,428,0,0,0,0
31126886,B,A,None,328917,450,13,0,437,330347,624,186,438,0,0,0,0
32138554,B,C,None,342610,470,13,0,457,344031,650,192,458,0,0,0,0
33148296,B,A,None,354692,491,13,0,478,356126,677,197,480,0,0,0,0
34201290,B,A,None,366801,509,13,0,496,368227,699,202,497,0,0,0,0
35205406,B,A,None,377034,526,14,0,512,377089,722,209,513,0,0,0,0
36206765,B,A,None,387510,544,15,0,529,387577,745,215,530,0,0,0,0
37207678,B,C,None,394651,558,15,0,543,395988,765,221,544,0,0,0,0
38241219,B,A,None,406215,571,16,0,555,409115,783,226,557,0,0,0,0
39319592,B,A,None,416695,585,16,0,569,418279,803,233,570,0,0,0,0
40343459,B,C,None,425947,602,18,0,584,427325,823,238,585,0,0,0,0
41428129,B,C,None,439162,621,19,0,602,440600,845,241,604,0,0,0,0
42447301,B,C,None,448419,638,21,0,617,451363,865,246,619,0,0,0,0
43560962,B,A,None,460233,654,21,0,633,461549,886,252,634,0,0,0,0
44703634,B,A,None,473244,666,21,0,645,474657,905,259,646,0,0,0,0
45717669,B,C,None,483766,680,23,0,657,485140,925,266,659,0,0,0,0
46736292,B,A,None,493841,690,23,0,667,495119,941,273,668,0,0,0,0
47736911,B,C,None,503486,705,23,0,682,503579,964,280,684,0,0,0,0
48766030,B,A,None,514705,723,23,0,700,516243,986,284,702,0,0,0,0
49784220,B,C,None,526428,741,24,0,717,527765,1009,291,718,0,0,0,0
50806262,B,A,None,535061,753,25,0,728,536386,1027,298,729,0,0,0,0
51806278,B,C,None,544000,773,26,0,747,544081,1052,304,748,0,0,0,0
52833660,B,A,None,554551,791,27,0,764,554632,1074,309,765,0,0,0,0
53867720,B,C,None,567646,806,27,0,779,568968,1093,313,780,0,0,0,0
54884491,B,A,None,577532,816,27,0,789,579056,1111,320,791,0,0,0,0
55943327,B,C,None,587943,828,27,0,801,589296,1130,327,803,0,0,0,0
56943873,B,C,None,596893,844,28,0,816,596967,1150,333,817,0,0,0,0
58069557,B,A,None,607200,859,29,0,830,608550,1170,339,831,0,0,0,0
59071226,B,C,None,620221,876,30,0,846,621540,1191,344,847,0,0,0,0
