time_us,own_mac,data_sent,data_received,data_sniffed,rx_failures,tx_failures
1003381,48:27:E2:3B:30:58,6537,47901,47901,0
2077242,48:27:E2:3B:30:58,14305,82402,82522,0
3085277,48:27:E2:3B:30:58,20693,104930,105050,0
4088303,48:27:E2:3B:30:58,29143,138243,138363,0
5089678,48:27:E2:3B:30:58,36992,164060,164300,0
6090267,48:27:E2:3B:30:58,43647,195309,195549,0
7097591,48:27:E2:3B:30:58,50070,218892,219220,0
8148762,48:27:E2:3B:30:58,59635,254171,254499,0
9151525,48:27:E2:3B:30:58,69120,285996,286324,0
10163167,48:27:E2:3B:30:58,75169,308957,309525,0
11163942,48:27:E2:3B:30:58,82301,334838,335406,0
12188746,48:27:E2:3B:30:58,88457,358798,359580,0
13194441,48:27:E2:3B:30:58,95547,385701,386483,0
14291212,48:27:E2:3B:30:58,102627,411159,411941,0
15335937,48:27:E2:3B:30:58,110115,431559,432591,0
16362708,48:27:E2:3B:30:58,116334,453128,454280,0
17365701,48:27:E2:3B:30:58,124085,473395,474687,0
18390841,48:27:E2:3B:30:58,132055,494844,496452,0
19393276,48:27:E2:3B:30:58,139472,515639,517247,0
20434511,48:27:E2:3B:30:58,145458,534899,536741,0
21576817,48:27:E2:3B:30:58,153422,559956,561992,0
22595324,48:27:E2:3B:30:58,161113,581910,584262,0
23615709,48:27:E2:3B:30:58,166845,604280,606846,0
24688225,48:27:E2:3B:30:58,174605,624682,627482,0
25716405,48:27:E2:3B:30:58,181152,645672,648472,0
26717394,48:27:E2:3B:30:58,188252,665285,668325,0
27728514,48:27:E2:3B:30:58,195914,686030,689197,0
28759027,48:27:E2:3B:30:58,201418,706803,709970,0
29859619,48:27:E2:3B:30:58,208614,727363,730530,0
30860652,48:27:E2:3B:30:58,217597,746034,749201,0
31868709,48:27:E2:3B:30:58,231808,777066,780233,0
32886874,48:27:E2:3B:30:58,241789,799846,803133,0
33893787,48:27:E2:3B:30:58,249863,822893,826338,0
34895556,48:27:E2:3B:30:58,257303,844986,848645,0
35919744,48:27:E2:3B:30:58,263161,864434,868093,0
36927127,48:27:E2:3B:30:58,270991,884069,887868,0
37977407,48:27:E2:3B:30:58,278431,905129,909122,0
38980735,48:27:E2:3B:30:58,286400,925830,929823,0
40110091,48:27:E2:3B:30:58,292765,944664,949085,0
41121699,48:27:E2:3B:30:58,302131,972856,977277,0
42246349,48:27:E2:3B:30:58,312064,995092,999513,0
43250266,48:27:E2:3B:30:58,320757,1015496,1020157,0
44263369,48:27:E2:3B:30:58,329370,1037829,1042490,0
45265745,48:27:E2:3B:30:58,335455,1059036,1063817,0
46313368,48:27:E2:3B:30:58,343279,1078766,1083761,0
47317586,48:27:E2:3B:30:58,350132,1095620,1100755,0
48401512,48:27:E2:3B:30:58,356469,1124670,1129805,0
49472827,48:27:E2:3B:30:58,364269,1145401,1150776,0
50474305,48:27:E2:3B:30:58,371734,1164955,1170570,0
51570676,48:27:E2:3B:30:58,377936,1185069,1191112,0
52578266,48:27:E2:3B:30:58,384410,1207486,1213529,0
53611374,48:27:E2:3B:30:58,393820,1237061,1243104,0
54651188,48:27:E2:3B:30:58,399743,1256818,1262861,0
55680854,48:27:E2:3B:30:58,407185,1277047,1283090,0
56737729,48:27:E2:3B:30:58,414030,1297572,1304423,0
57739089,48:27:E2:3B:30:58,423441,1317656,1324647,0
58740250,48:27:E2:3B:30:58,431323,1339616,1346607,0
59743311,48:27:E2:3B:30:58,437798,1360778,1367769,0
