time_us,own_mac,data_sent,data_received,data_sniffed,rx_failures,tx_failures
1002316,48:27:E2:3B:30:58,58150,0,0,0
2003330,48:27:E2:3B:30:58,118400,0,0,0
3005175,48:27:E2:3B:30:58,176948,0,0,0
4006934,48:27:E2:3B:30:58,238530,0,0,0
5009792,48:27:E2:3B:30:58,300558,0,0,0
6012303,48:27:E2:3B:30:58,361478,0,0,0
7012633,48:27:E2:3B:30:58,420582,0,0,0
8017164,48:27:E2:3B:30:58,480588,0,0,0
9019994,48:27:E2:3B:30:58,542429,0,0,0
10023228,48:27:E2:3B:30:58,602268,0,0,0
11024335,48:27:E2:3B:30:58,661316,0,0,0
12024509,48:27:E2:3B:30:58,723576,0,148,0
13028071,48:27:E2:3B:30:58,782876,0,148,0
14028260,48:27:E2:3B:30:58,842943,0,148,0
15030669,48:27:E2:3B:30:58,905204,0,148,0
16037343,48:27:E2:3B:30:58,965955,0,148,0
17040349,48:27:E2:3B:30:58,1027612,0,148,0
18047077,48:27:E2:3B:30:58,1089001,0,148,0
19049524,48:27:E2:3B:30:58,1150703,0,148,0
20054204,48:27:E2:3B:30:58,1213584,0,148,0
21057182,48:27:E2:3B:30:58,1274319,0,148,0
22057562,48:27:E2:3B:30:58,1335263,0,148,0
23062065,48:27:E2:3B:30:58,1396673,0,148,0
24062546,48:27:E2:3B:30:58,1456193,0,148,0
25066165,48:27:E2:3B:30:58,1515542,0,148,0
26073636,48:27:E2:3B:30:58,1575135,0,428,0
27075707,48:27:E2:3B:30:58,1637587,0,428,0
28077594,48:27:E2:3B:30:58,1697186,0,428,0
29077817,48:27:E2:3B:30:58,1758168,0,428,0
30080073,48:27:E2:3B:30:58,1819019,0,428,0
31080285,48:27:E2:3B:30:58,1880571,0,428,0
32082054,48:27:E2:3B:30:58,1938695,0,428,0
33084614,48:27:E2:3B:30:58,1999893,0,428,0
34087885,48:27:E2:3B:30:58,2061862,0,428,0
35087960,48:27:E2:3B:30:58,2122138,0,428,0
36089452,48:27:E2:3B:30:58,2182611,0,568,0
37094345,48:27:E2:3B:30:58,2243435,0,568,0
38098325,48:27:E2:3B:30:58,2303839,0,568,0
39100903,48:27:E2:3B:30:58,2363456,0,568,0
40101751,48:27:E2:3B:30:58,2422939,0,568,0
41102851,48:27:E2:3B:30:58,2483125,0,568,0
42105714,48:27:E2:3B:30:58,2542470,0,568,0
43107554,48:27:E2:3B:30:58,2602788,0,568,0
44110616,48:27:E2:3B:30:58,2665049,0,568,0
45114047,48:27:E2:3B:30:58,2725746,0,568,0
46115188,48:27:E2:3B:30:58,2786871,0,848,0
47116549,48:27:E2:3B:30:58,2848170,0,848,0
48122891,48:27:E2:3B:30:58,2911127,0,848,0
49124603,48:27:E2:3B:30:58,2970753,0,848,0
50125880,48:27:E2:3B:30:58,3030891,0,848,0
51126234,48:27:E2:3B:30:58,3092977,0,848,0
52127427,48:27:E2:3B:30:58,3153609,0,848,0
53130660,48:27:E2:3B:30:58,3214143,0,848,0
54133405,48:27:E2:3B:30:58,3273603,0,848,0
55136567,48:27:E2:3B:30:58,3332370,0,848,0
56137460,48:27:E2:3B:30:58,3392475,0,848,0
57143744,48:27:E2:3B:30:58,3453367,0,848,0
58145626,48:27:E2:3B:30:58,3513413,0,848,0
59148406,48:27:E2:3B:30:58,3572835,0,848,0
60149585,48:27:E2:3B:30:58,3634360,0,848,0
61151296,48:27:E2:3B:30:58,3694569,0,848,0
62154210,48:27:E2:3B:30:58,3755930,0,848,0
63156663,48:27:E2:3B:30:58,3816103,0,848,0
64163600,48:27:E2:3B:30:58,3875540,0,848,0
