time_us,own_mac,data_sent,data_received,data_sniffed,rx_failures,tx_failures
1002834,48:27:E2:3B:31:04,0,17123,17123,0
2004905,48:27:E2:3B:31:04,0,78755,78755,0
3008105,48:27:E2:3B:31:04,0,141018,141018,0
4009377,48:27:E2:3B:31:04,0,199851,199851,0
5010300,48:27:E2:3B:31:04,0,263501,263501,0
6013739,48:27:E2:3B:31:04,0,325691,325691,0
7015639,48:27:E2:3B:31:04,0,387219,387219,0
8019044,48:27:E2:3B:31:04,0,448367,448367,0
9020167,48:27:E2:3B:31:04,0,509166,509166,0
10020990,48:27:E2:3B:31:04,0,571343,571343,0
11022249,48:27:E2:3B:31:04,0,630928,630928,0
12024274,48:27:E2:3B:31:04,0,692834,692982,0
13027615,48:27:E2:3B:31:04,0,754865,755013,0
14028910,48:27:E2:3B:31:04,0,815154,815302,0
15029968,48:27:E2:3B:31:04,0,877737,877885,0
16030867,48:27:E2:3B:31:04,0,939594,939742,0
17033383,48:27:E2:3B:31:04,0,1000044,1000192,0
18035209,48:27:E2:3B:31:04,0,1064048,1064410,0
19035509,48:27:E2:3B:31:04,0,1126295,1126657,0
20035841,48:27:E2:3B:31:04,0,1187985,1188467,0
21036158,48:27:E2:3B:31:04,0,1250293,1250775,0
22039088,48:27:E2:3B:31:04,0,1314096,1314578,0
23042339,48:27:E2:3B:31:04,0,1375858,1376340,0
24044201,48:27:E2:3B:31:04,0,1436913,1437395,0
25049344,48:27:E2:3B:31:04,0,1497136,1497618,0
26050868,48:27:E2:3B:31:04,0,1557935,1558417,0
27052294,48:27:E2:3B:31:04,0,1619143,1619625,0
28052971,48:27:E2:3B:31:04,0,1681494,1681976,0
29058262,48:27:E2:3B:31:04,0,1742335,1742817,0
30060483,48:27:E2:3B:31:04,0,1804327,1804809,0
31065204,48:27:E2:3B:31:04,0,1867589,1868191,0
32070671,48:27:E2:3B:31:04,0,1928697,1929299,0
33073375,48:27:E2:3B:31:04,0,1988616,1989218,0
34075221,48:27:E2:3B:31:04,0,2050878,2051480,0
35075872,48:27:E2:3B:31:04,0,2112551,2113153,0
36077663,48:27:E2:3B:31:04,0,2175111,2175713,0
37078640,48:27:E2:3B:31:04,0,2236612,2237214,0
38081024,48:27:E2:3B:31:04,0,2297595,2298197,0
39081104,48:27:E2:3B:31:04,0,2359081,2359683,0
40086066,48:27:E2:3B:31:04,0,2418952,2419554,0
41089896,48:27:E2:3B:31:04,0,2480968,2481570,0
42091496,48:27:E2:3B:31:04,0,2541347,2541949,0
43091832,48:27:E2:3B:31:04,0,2601012,2601614,0
44093905,48:27:E2:3B:31:04,0,2662943,2663545,0
45096834,48:27:E2:3B:31:04,0,2726423,2727025,0
46104261,48:27:E2:3B:31:04,0,2788103,2788705,0
47110632,48:27:E2:3B:31:04,0,2851174,2851776,0
48111087,48:27:E2:3B:31:04,0,2913408,2914010,0
49112019,48:27:E2:3B:31:04,0,2975950,2976552,0
50114696,48:27:E2:3B:31:04,0,3037610,3038212,0
51115060,48:27:E2:3B:31:04,0,3098650,3099252,0
52119154,48:27:E2:3B:31:04,0,3161662,3162264,0
53123490,48:27:E2:3B:31:04,0,3222949,3223551,0
54124304,48:27:E2:3B:31:04,0,3283967,3284569,0
55126686,48:27:E2:3B:31:04,0,3344397,3344999,0
56126871,48:27:E2:3B:31:04,0,3403360,3403962,0
57128814,48:27:E2:3B:31:04,0,3465968,3466710,0
58132165,48:27:E2:3B:31:04,0,3527611,3528353,0
59132666,48:27:E2:3B:31:04,0,3586790,3587532,0
60134259,48:27:E2:3B:31:04,0,3649335,3650197,0
61135337,48:27:E2:3B:31:04,0,3711367,3712229,0
62136078,48:27:E2:3B:31:04,0,3772181,3773043,0
63136941,48:27:E2:3B:31:04,0,3834858,3835720,0
64139446,48:27:E2:3B:31:04,0,3894582,3895444,0
